{
    "patients": [
        {
            "id": "p1",
            "location": [
                93.0,
                9.0
            ],
            "time_window": [
                393.0,
                513.0
            ],
            "required_caregivers": [
                {
                    "service": "s4",
                    "duration": 15.0
                }
            ]
        },
        {
            "id": "p2",
            "location": [
                46.0,
                45.0
            ],
            "time_window": [
                60.0,
                180.0
            ],
            "required_caregivers": [
                {
                    "service": "s1",
                    "duration": 15.0
                }
            ]
        },
        {
            "id": "p3",
            "location": [
                97.0,
                8.0
            ],
            "time_window": [
                93.0,
                213.0
            ],
            "required_caregivers": [
                {
                    "service": "s4",
                    "duration": 15.0
                }
            ]
        },
        {
            "id": "p4",
            "location": [
                81.0,
                35.0
            ],
            "time_window": [
                90.0,
                210.0
            ],
            "required_caregivers": [
                {
                    "service": "s1",
                    "duration": 15.0
                }
            ]
        },
        {
            "id": "p5",
            "location": [
                23.0,
                49.0
            ],
            "time_window": [
                46.0,
                166.0
            ],
            "required_caregivers": [
                {
                    "service": "s5",
                    "duration": 15.0
                }
            ]
        },
        {
            "id": "p6",
            "location": [
                91.0,
                24.0
            ],
            "time_window": [
                256.0,
                376.0
            ],
            "required_caregivers": [
                {
                    "service": "s5",
                    "duration": 15.0
                }
            ]
        },
        {
            "id": "p7",
            "location": [
                95.0,
                20.0
            ],
            "time_window": [
                37.0,
                157.0
            ],
            "required_caregivers": [
                {
                    "service": "s2",
                    "duration": 15.0
                }
            ]
        },
        {
            "id": "p8",
            "location": [
                86.0,
                8.0
            ],
            "time_window": [
                208.0,
                328.0
            ],
            "required_caregivers": [
                {
                    "service": "s4",
                    "duration": 15.0
                },
                {
                    "service": "s5",
                    "duration": 15.0
                }
            ],
            "synchronization": {
                "type": "simultaneous"
            }
        },
        {
            "id": "p9",
            "location": [
                73.0,
                0.0
            ],
            "time_window": [
                261.0,
                381.0
            ],
            "required_caregivers": [
                {
                    "service": "s2",
                    "duration": 15.0
                },
                {
                    "service": "s5",
                    "duration": 15.0
                }
            ],
            "synchronization": {
                "type": "sequential",
                "distance": [
                    57,
                    114
                ]
            }
        },
        {
            "id": "p10",
            "location": [
                0.0,
                0.0
            ],
            "time_window": [
                454.0,
                574.0
            ],
            "required_caregivers": [
                {
                    "service": "s3",
                    "duration": 15.0
                },
                {
                    "service": "s4",
                    "duration": 15.0
                }
            ],
            "synchronization": {
                "type": "simultaneous"
            }
        }
    ],
    "services": [
        {
            "id": "s1",
            "default_duration": 15.0
        },
        {
            "id": "s2",
            "default_duration": 15.0
        },
        {
            "id": "s3",
            "default_duration": 15.0
        },
        {
            "id": "s4",
            "default_duration": 15.0
        },
        {
            "id": "s5",
            "default_duration": 15.0
        },
        {
            "id": "s6",
            "default_duration": 30.0
        }
    ],
    "caregivers": [
        {
            "id": "c1",
            "abilities": [
                "s1",
                "s2",
                "s3"
            ]
        },
        {
            "id": "c2",
            "abilities": [
                "s5"
            ]
        },
        {
            "id": "c3",
            "abilities": [
                "s4",
                "s6"
            ]
        }
    ],
    "central_offices": [
        {
            "id": "d",
            "location": [
                13.0,
                43.0
            ]
        }
    ],
    "distances": [
        [
            0.0,
            86.925255,
            33.06055,
            91.0,
            68.46897,
            11.661903,
            80.280754,
            85.16454,
            80.95678,
            73.817345,
            44.922153
        ],
        [
            86.925255,
            0.0,
            59.20304,
            4.1231055,
            28.635643,
            80.622574,
            15.132746,
            11.18034,
            7.071068,
            21.931713,
            93.43447
        ],
        [
            33.06055,
            59.20304,
            0.0,
            63.007935,
            36.40055,
            23.345236,
            49.658836,
            55.00909,
            54.48853,
            52.478565,
            64.3506
        ],
        [
            91.0,
            4.1231055,
            63.007935,
            0.0,
            31.38471,
            84.59905,
            17.088007,
            12.165525,
            11.0,
            25.298222,
            97.32934
        ],
        [
            68.46897,
            28.635643,
            36.40055,
            31.38471,
            0.0,
            59.665737,
            14.866069,
            20.518284,
            27.45906,
            35.902645,
            88.23831
        ],
        [
            11.661903,
            80.622574,
            23.345236,
            84.59905,
            59.665737,
            0.0,
            72.44998,
            77.62087,
            75.16648,
            70.00714,
            54.129475
        ],
        [
            80.280754,
            15.132746,
            49.658836,
            17.088007,
            14.866069,
            72.44998,
            0.0,
            5.656854,
            16.763054,
            30.0,
            94.11163
        ],
        [
            85.16454,
            11.18034,
            55.00909,
            12.165525,
            20.518284,
            77.62087,
            5.656854,
            0.0,
            15.0,
            29.732138,
            97.082436
        ],
        [
            80.95678,
            7.071068,
            54.48853,
            11.0,
            27.45906,
            75.16648,
            16.763054,
            15.0,
            0.0,
            15.264338,
            86.37129
        ],
        [
            73.817345,
            21.931713,
            52.478565,
            25.298222,
            35.902645,
            70.00714,
            30.0,
            29.732138,
            15.264338,
            0.0,
            73.0
        ],
        [
            44.922153,
            93.43447,
            64.3506,
            97.32934,
            88.23831,
            54.129475,
            94.11163,
            97.082436,
            86.37129,
            73.0,
            0.0
        ]
    ]
}