{
    "patients": [
        {
            "id": "p1",
            "location": [
                66.0,
                28.0
            ],
            "time_window": [
                451.0,
                571.0
            ],
            "required_caregivers": [
                {
                    "service": "s2",
                    "duration": 19.0
                }
            ]
        },
        {
            "id": "p2",
            "location": [
                41.0,
                47.0
            ],
            "time_window": [
                156.0,
                276.0
            ],
            "required_caregivers": [
                {
                    "service": "s1",
                    "duration": 19.0
                }
            ]
        },
        {
            "id": "p3",
            "location": [
                77.0,
                49.0
            ],
            "time_window": [
                146.0,
                266.0
            ],
            "required_caregivers": [
                {
                    "service": "s3",
                    "duration": 19.0
                }
            ]
        },
        {
            "id": "p4",
            "location": [
                90.0,
                46.0
            ],
            "time_window": [
                18.0,
                138.0
            ],
            "required_caregivers": [
                {
                    "service": "s1",
                    "duration": 19.0
                }
            ]
        },
        {
            "id": "p5",
            "location": [
                8.0,
                8.0
            ],
            "time_window": [
                1.0,
                121.0
            ],
            "required_caregivers": [
                {
                    "service": "s2",
                    "duration": 19.0
                }
            ]
        },
        {
            "id": "p6",
            "location": [
                12.0,
                42.0
            ],
            "time_window": [
                83.0,
                203.0
            ],
            "required_caregivers": [
                {
                    "service": "s6",
                    "duration": 19.0
                }
            ]
        },
        {
            "id": "p7",
            "location": [
                29.0,
                27.0
            ],
            "time_window": [
                137.0,
                257.0
            ],
            "required_caregivers": [
                {
                    "service": "s6",
                    "duration": 19.0
                }
            ]
        },
        {
            "id": "p8",
            "location": [
                53.0,
                31.0
            ],
            "time_window": [
                124.0,
                244.0
            ],
            "required_caregivers": [
                {
                    "service": "s5",
                    "duration": 19.0
                },
                {
                    "service": "s6",
                    "duration": 19.0
                }
            ],
            "synchronization": {
                "type": "simultaneous"
            }
        },
        {
            "id": "p9",
            "location": [
                51.0,
                32.0
            ],
            "time_window": [
                310.0,
                430.0
            ],
            "required_caregivers": [
                {
                    "service": "s3",
                    "duration": 19.0
                },
                {
                    "service": "s4",
                    "duration": 19.0
                }
            ],
            "synchronization": {
                "type": "sequential",
                "distance": [
                    17,
                    34
                ]
            }
        },
        {
            "id": "p10",
            "location": [
                0.0,
                0.0
            ],
            "time_window": [
                401.0,
                521.0
            ],
            "required_caregivers": [
                {
                    "service": "s1",
                    "duration": 19.0
                },
                {
                    "service": "s5",
                    "duration": 19.0
                }
            ],
            "synchronization": {
                "type": "sequential",
                "distance": [
                    55,
                    110
                ]
            }
        }
    ],
    "services": [
        {
            "id": "s1",
            "default_duration": 19.0
        },
        {
            "id": "s2",
            "default_duration": 19.0
        },
        {
            "id": "s3",
            "default_duration": 19.0
        },
        {
            "id": "s4",
            "default_duration": 19.0
        },
        {
            "id": "s5",
            "default_duration": 19.0
        },
        {
            "id": "s6",
            "default_duration": 19.0
        }
    ],
    "caregivers": [
        {
            "id": "c1",
            "abilities": [
                "s1",
                "s2",
                "s3"
            ]
        },
        {
            "id": "c2",
            "abilities": [
                "s5",
                "s6"
            ]
        },
        {
            "id": "c3",
            "abilities": [
                "s4",
                "s5",
                "s6"
            ]
        }
    ],
    "central_offices": [
        {
            "id": "d",
            "location": [
                11.0,
                9.0
            ]
        }
    ],
    "distances": [
        [
            0.0,
            58.189346,
            48.414875,
            77.175125,
            87.23531,
            3.1622777,
            33.01515,
            25.455845,
            47.41308,
            46.141087,
            14.21267
        ],
        [
            58.189346,
            0.0,
            31.400637,
            23.70654,
            30.0,
            61.351448,
            55.7853,
            37.01351,
            13.341664,
            15.524175,
            71.693794
        ],
        [
            48.414875,
            31.400637,
            0.0,
            36.05551,
            49.010204,
            51.088158,
            29.427877,
            23.323807,
            20.0,
            18.027756,
            62.369865
        ],
        [
            77.175125,
            23.70654,
            36.05551,
            0.0,
            13.341664,
            80.26207,
            65.37584,
            52.801514,
            30.0,
            31.06445,
            91.26884
        ],
        [
            87.23531,
            30.0,
            49.010204,
            13.341664,
            0.0,
            90.37699,
            78.10249,
            63.89053,
            39.92493,
            41.4367,
            101.07423
        ],
        [
            3.1622777,
            61.351448,
            51.088158,
            80.26207,
            90.37699,
            0.0,
            34.234486,
            28.319605,
            50.537113,
            49.24429,
            11.313708
        ],
        [
            33.01515,
            55.7853,
            29.427877,
            65.37584,
            78.10249,
            34.234486,
            0.0,
            22.671568,
            42.44997,
            40.261642,
            43.68066
        ],
        [
            25.455845,
            37.01351,
            23.323807,
            52.801514,
            63.89053,
            28.319605,
            22.671568,
            0.0,
            24.33105,
            22.561028,
            39.623226
        ],
        [
            47.41308,
            13.341664,
            20.0,
            30.0,
            39.92493,
            50.537113,
            42.44997,
            24.33105,
            0.0,
            2.236068,
            61.400326
        ],
        [
            46.141087,
            15.524175,
            18.027756,
            31.06445,
            41.4367,
            49.24429,
            40.261642,
            22.561028,
            2.236068,
            0.0,
            60.207973
        ],
        [
            14.21267,
            71.693794,
            62.369865,
            91.26884,
            101.07423,
            11.313708,
            43.68066,
            39.623226,
            61.400326,
            60.207973,
            0.0
        ]
    ]
}