{
    "patients": [
        {
            "id": "p1",
            "location": [
                85.0,
                45.0
            ],
            "time_window": [
                76.0,
                196.0
            ],
            "required_caregivers": [
                {
                    "service": "s4",
                    "duration": 12.0
                }
            ]
        },
        {
            "id": "p2",
            "location": [
                80.0,
                44.0
            ],
            "time_window": [
                44.0,
                164.0
            ],
            "required_caregivers": [
                {
                    "service": "s2",
                    "duration": 12.0
                }
            ]
        },
        {
            "id": "p3",
            "location": [
                68.0,
                20.0
            ],
            "time_window": [
                45.0,
                165.0
            ],
            "required_caregivers": [
                {
                    "service": "s3",
                    "duration": 12.0
                }
            ]
        },
        {
            "id": "p4",
            "location": [
                50.0,
                44.0
            ],
            "time_window": [
                124.0,
                244.0
            ],
            "required_caregivers": [
                {
                    "service": "s4",
                    "duration": 12.0
                }
            ]
        },
        {
            "id": "p5",
            "location": [
                0.0,
                2.0
            ],
            "time_window": [
                100.0,
                220.0
            ],
            "required_caregivers": [
                {
                    "service": "s4",
                    "duration": 12.0
                }
            ]
        },
        {
            "id": "p6",
            "location": [
                8.0,
                8.0
            ],
            "time_window": [
                334.0,
                454.0
            ],
            "required_caregivers": [
                {
                    "service": "s4",
                    "duration": 12.0
                }
            ]
        },
        {
            "id": "p7",
            "location": [
                95.0,
                15.0
            ],
            "time_window": [
                448.0,
                568.0
            ],
            "required_caregivers": [
                {
                    "service": "s4",
                    "duration": 12.0
                }
            ]
        },
        {
            "id": "p8",
            "location": [
                61.0,
                26.0
            ],
            "time_window": [
                329.0,
                449.0
            ],
            "required_caregivers": [
                {
                    "service": "s5",
                    "duration": 12.0
                }
            ]
        },
        {
            "id": "p9",
            "location": [
                7.0,
                7.0
            ],
            "time_window": [
                450.0,
                570.0
            ],
            "required_caregivers": [
                {
                    "service": "s0",
                    "duration": 12.0
                }
            ]
        },
        {
            "id": "p10",
            "location": [
                42.0,
                24.0
            ],
            "time_window": [
                174.0,
                294.0
            ],
            "required_caregivers": [
                {
                    "service": "s0",
                    "duration": 12.0
                }
            ]
        },
        {
            "id": "p11",
            "location": [
                83.0,
                25.0
            ],
            "time_window": [
                0.0,
                120.0
            ],
            "required_caregivers": [
                {
                    "service": "s0",
                    "duration": 12.0
                }
            ]
        },
        {
            "id": "p12",
            "location": [
                18.0,
                46.0
            ],
            "time_window": [
                432.0,
                552.0
            ],
            "required_caregivers": [
                {
                    "service": "s0",
                    "duration": 12.0
                }
            ]
        },
        {
            "id": "p13",
            "location": [
                39.0,
                29.0
            ],
            "time_window": [
                468.0,
                588.0
            ],
            "required_caregivers": [
                {
                    "service": "s0",
                    "duration": 12.0
                }
            ]
        },
        {
            "id": "p14",
            "location": [
                76.0,
                22.0
            ],
            "time_window": [
                271.0,
                391.0
            ],
            "required_caregivers": [
                {
                    "service": "s1",
                    "duration": 12.0
                }
            ]
        },
        {
            "id": "p15",
            "location": [
                23.0,
                5.0
            ],
            "time_window": [
                415.0,
                535.0
            ],
            "required_caregivers": [
                {
                    "service": "s1",
                    "duration": 12.0
                }
            ]
        },
        {
            "id": "p16",
            "location": [
                79.0,
                20.0
            ],
            "time_window": [
                382.0,
                502.0
            ],
            "required_caregivers": [
                {
                    "service": "s4",
                    "duration": 12.0
                }
            ]
        },
        {
            "id": "p17",
            "location": [
                35.0,
                5.0
            ],
            "time_window": [
                321.0,
                441.0
            ],
            "required_caregivers": [
                {
                    "service": "s3",
                    "duration": 12.0
                }
            ]
        },
        {
            "id": "p18",
            "location": [
                18.0,
                29.0
            ],
            "time_window": [
                18.0,
                138.0
            ],
            "required_caregivers": [
                {
                    "service": "s3",
                    "duration": 12.0
                },
                {
                    "service": "s4",
                    "duration": 12.0
                }
            ],
            "synchronization": {
                "type": "simultaneous"
            }
        },
        {
            "id": "p19",
            "location": [
                46.0,
                47.0
            ],
            "time_window": [
                267.0,
                387.0
            ],
            "required_caregivers": [
                {
                    "service": "s3",
                    "duration": 12.0
                },
                {
                    "service": "s5",
                    "duration": 12.0
                }
            ],
            "synchronization": {
                "type": "simultaneous"
            }
        },
        {
            "id": "p20",
            "location": [
                25.0,
                4.0
            ],
            "time_window": [
                39.0,
                159.0
            ],
            "required_caregivers": [
                {
                    "service": "s4",
                    "duration": 12.0
                },
                {
                    "service": "s5",
                    "duration": 12.0
                }
            ],
            "synchronization": {
                "type": "simultaneous"
            }
        },
        {
            "id": "p21",
            "location": [
                73.0,
                2.0
            ],
            "time_window": [
                82.0,
                202.0
            ],
            "required_caregivers": [
                {
                    "service": "s3",
                    "duration": 12.0
                },
                {
                    "service": "s5",
                    "duration": 12.0
                }
            ],
            "synchronization": {
                "type": "simultaneous"
            }
        },
        {
            "id": "p22",
            "location": [
                33.0,
                37.0
            ],
            "time_window": [
                404.0,
                524.0
            ],
            "required_caregivers": [
                {
                    "service": "s1",
                    "duration": 12.0
                },
                {
                    "service": "s3",
                    "duration": 12.0
                }
            ],
            "synchronization": {
                "type": "sequential",
                "distance": [
                    57,
                    114
                ]
            }
        },
        {
            "id": "p23",
            "location": [
                12.0,
                20.0
            ],
            "time_window": [
                3.0,
                123.0
            ],
            "required_caregivers": [
                {
                    "service": "s2",
                    "duration": 12.0
                },
                {
                    "service": "s3",
                    "duration": 12.0
                }
            ],
            "synchronization": {
                "type": "sequential",
                "distance": [
                    31,
                    62
                ]
            }
        },
        {
            "id": "p24",
            "location": [
                76.0,
                14.0
            ],
            "time_window": [
                91.0,
                211.0
            ],
            "required_caregivers": [
                {
                    "service": "s0",
                    "duration": 12.0
                },
                {
                    "service": "s4",
                    "duration": 12.0
                }
            ],
            "synchronization": {
                "type": "sequential",
                "distance": [
                    29,
                    58
                ]
            }
        },
        {
            "id": "p25",
            "location": [
                0.0,
                0.0
            ],
            "time_window": [
                158.0,
                278.0
            ],
            "required_caregivers": [
                {
                    "service": "s0",
                    "duration": 12.0
                },
                {
                    "service": "s3",
                    "duration": 12.0
                }
            ],
            "synchronization": {
                "type": "sequential",
                "distance": [
                    38,
                    76
                ]
            }
        }
    ],
    "services": [
        {
            "id": "s0",
            "default_duration": 12.0
        },
        {
            "id": "s1",
            "default_duration": 12.0
        },
        {
            "id": "s2",
            "default_duration": 12.0
        },
        {
            "id": "s3",
            "default_duration": 12.0
        },
        {
            "id": "s4",
            "default_duration": 12.0
        },
        {
            "id": "s5",
            "default_duration": 12.0
        }
    ],
    "caregivers": [
        {
            "id": "c0",
            "abilities": [
                "s0",
                "s1"
            ]
        },
        {
            "id": "c1",
            "abilities": [
                "s0",
                "s2"
            ]
        },
        {
            "id": "c2",
            "abilities": [
                "s3",
                "s4",
                "s5"
            ]
        },
        {
            "id": "c3",
            "abilities": [
                "s3",
                "s4"
            ]
        },
        {
            "id": "c4",
            "abilities": [
                "s3",
                "s4",
                "s5"
            ]
        }
    ],
    "central_offices": [
        {
            "id": "d",
            "location": [
                36.0,
                12.0
            ]
        }
    ],
    "distances": [
        [
            0.0,
            59.07622,
            54.405884,
            32.984844,
            34.928497,
            37.363083,
            28.284271,
            59.07622,
            28.653097,
            29.427877,
            13.416408,
            48.76474,
            38.470768,
            17.262676,
            41.231056,
            14.764823,
            43.737854,
            7.071068,
            24.758837,
            36.40055,
            13.601471,
            38.327538,
            25.179358,
            25.298222,
            40.04997,
            37.94733
        ],
        [
            59.07622,
            0.0,
            5.0990195,
            30.232433,
            35.014282,
            95.257545,
            85.42833,
            31.622776,
            30.610456,
            86.764046,
            47.853943,
            20.09975,
            67.00746,
            48.703182,
            24.698177,
            73.78347,
            25.70992,
            64.03124,
            68.88396,
            39.051247,
            72.67049,
            44.64303,
            52.611786,
            77.16217,
            32.280025,
            96.17692
        ],
        [
            54.405884,
            5.0990195,
            0.0,
            26.832815,
            30.0,
            90.35486,
            80.49844,
            32.649654,
            26.172504,
            81.84131,
            42.941822,
            19.235384,
            62.03225,
            43.65776,
            22.36068,
            69.065186,
            24.020824,
            59.548298,
            63.788715,
            34.132095,
            68.007355,
            42.579338,
            47.518417,
            72.11102,
            30.265491,
            91.3017
        ],
        [
            32.984844,
            30.232433,
            26.832815,
            0.0,
            30.0,
            70.34202,
            61.188232,
            27.45906,
            9.219544,
            62.369865,
            26.305893,
            15.811388,
            56.35601,
            30.364452,
            8.246211,
            47.434166,
            11.0,
            36.249138,
            50.803543,
            34.828148,
            45.88028,
            18.681541,
            38.910152,
            56.0,
            10.0,
            70.88018
        ],
        [
            34.928497,
            35.014282,
            30.0,
            30.0,
            0.0,
            65.29931,
            55.31727,
            53.535034,
            21.095022,
            56.727417,
            21.540659,
            38.078865,
            32.06244,
            18.601076,
            34.058773,
            47.434166,
            37.64306,
            41.785164,
            35.341194,
            5.0,
            47.169907,
            47.88528,
            18.384777,
            44.94441,
            39.698868,
            66.6033
        ],
        [
            37.363083,
            95.257545,
            90.35486,
            70.34202,
            65.29931,
            0.0,
            10.0,
            95.885345,
            65.551506,
            8.602325,
            47.41308,
            86.127815,
            47.539455,
            47.434166,
            78.58753,
            23.194826,
            81.02469,
            35.128338,
            32.449963,
            64.3506,
            25.079872,
            73.0,
            48.104053,
            21.633308,
            76.941536,
            2.0
        ],
        [
            28.284271,
            85.42833,
            80.49844,
            61.188232,
            55.31727,
            10.0,
            0.0,
            87.28116,
            55.97321,
            1.4142135,
            37.576588,
            76.902534,
            39.293766,
            37.44329,
            69.426216,
            15.297058,
            72.00694,
            27.166155,
            23.259407,
            54.451813,
            17.464249,
            65.27634,
            38.28838,
            12.649111,
            68.26419,
            11.313708
        ],
        [
            59.07622,
            31.622776,
            32.649654,
            27.45906,
            53.535034,
            95.885345,
            87.28116,
            0.0,
            35.735138,
            88.362885,
            53.75872,
            15.6205,
            83.00603,
            57.72348,
            20.248457,
            72.691124,
            16.763054,
            60.827625,
            78.26238,
            58.5235,
            70.85902,
            25.553865,
            65.78754,
            83.15047,
            19.026299,
            96.17692
        ],
        [
            28.653097,
            30.610456,
            26.172504,
            9.219544,
            21.095022,
            65.551506,
            55.97321,
            35.735138,
            0.0,
            57.245087,
            19.104973,
            22.022715,
            47.423622,
            22.203604,
            15.524175,
            43.416588,
            18.973665,
            33.42155,
            43.104523,
            25.806976,
            42.190044,
            26.832815,
            30.083218,
            49.365982,
            19.209373,
            66.309875
        ],
        [
            29.427877,
            86.764046,
            81.84131,
            62.369865,
            56.727417,
            8.602325,
            1.4142135,
            88.362885,
            57.245087,
            0.0,
            38.910152,
            78.10249,
            40.5216,
            38.832977,
            70.61161,
            16.124516,
            73.1642,
            28.071337,
            24.596748,
            55.86591,
            18.248287,
            66.189125,
            39.698868,
            13.928389,
            69.354164,
            9.899495
        ],
        [
            13.416408,
            47.853943,
            42.941822,
            26.305893,
            21.540659,
            47.41308,
            37.576588,
            53.75872,
            19.104973,
            38.910152,
            0.0,
            41.01219,
            32.55764,
            5.8309517,
            34.058773,
            26.870058,
            37.215588,
            20.248457,
            24.5153,
            23.345236,
            26.24881,
            38.013157,
            15.811388,
            30.265491,
            35.44009,
            48.373547
        ],
        [
            48.76474,
            20.09975,
            19.235384,
            15.811388,
            38.078865,
            86.127815,
            76.902534,
            15.6205,
            22.022715,
            78.10249,
            41.01219,
            0.0,
            68.30813,
            44.181442,
            7.615773,
            63.245552,
            6.4031243,
            52.0,
            65.12296,
            43.046486,
            61.68468,
            25.079872,
            51.41984,
            71.17584,
            13.038404,
            86.683334
        ],
        [
            38.470768,
            67.00746,
            62.03225,
            56.35601,
            32.06244,
            47.539455,
            39.293766,
            83.00603,
            47.423622,
            40.5216,
            32.55764,
            68.30813,
            0.0,
            27.018513,
            62.76942,
            41.303753,
            66.309875,
            44.38468,
            17.0,
            28.01785,
            42.579338,
            70.434364,
            17.492855,
            26.683329,
            66.24198,
            49.396355
        ],
        [
            17.262676,
            48.703182,
            43.65776,
            30.364452,
            18.601076,
            47.434166,
            37.44329,
            57.72348,
            22.203604,
            38.832977,
            5.8309517,
            44.181442,
            27.018513,
            0.0,
            37.65634,
            28.84441,
            41.0,
            24.33105,
            21.0,
            19.313208,
            28.653097,
            43.416588,
            10.0,
            28.460499,
            39.92493,
            48.60041
        ],
        [
            41.231056,
            24.698177,
            22.36068,
            8.246211,
            34.058773,
            78.58753,
            69.426216,
            20.248457,
            15.524175,
            70.61161,
            34.058773,
            7.615773,
            62.76942,
            37.65634,
            0.0,
            55.65968,
            3.6055512,
            44.38468,
            58.420887,
            39.051247,
            54.08327,
            20.22375,
            45.54119,
            64.03124,
            8.0,
            79.12016
        ],
        [
            14.764823,
            73.78347,
            69.065186,
            47.434166,
            47.434166,
            23.194826,
            15.297058,
            72.691124,
            43.416588,
            16.124516,
            26.870058,
            63.245552,
            41.303753,
            28.84441,
            55.65968,
            0.0,
            57.974133,
            12.0,
            24.5153,
            47.88528,
            2.236068,
            50.08992,
            33.526108,
            18.601076,
            53.75872,
            23.537205
        ],
        [
            43.737854,
            25.70992,
            24.020824,
            11.0,
            37.64306,
            81.02469,
            72.00694,
            16.763054,
            18.973665,
            73.1642,
            37.215588,
            6.4031243,
            66.309875,
            41.0,
            3.6055512,
            57.974133,
            0.0,
            46.486557,
            61.66036,
            42.638012,
            56.32051,
            18.973665,
            49.0408,
            67.0,
            6.708204,
            81.49233
        ],
        [
            7.071068,
            64.03124,
            59.548298,
            36.249138,
            41.785164,
            35.128338,
            27.166155,
            60.827625,
            33.42155,
            28.071337,
            20.248457,
            52.0,
            44.38468,
            24.33105,
            44.38468,
            12.0,
            46.486557,
            0.0,
            29.410883,
            43.416588,
            10.049875,
            38.118237,
            32.06244,
            27.45906,
            41.976185,
            35.35534
        ],
        [
            24.758837,
            68.88396,
            63.788715,
            50.803543,
            35.341194,
            32.449963,
            23.259407,
            78.26238,
            43.104523,
            24.596748,
            24.5153,
            65.12296,
            17.0,
            21.0,
            58.420887,
            24.5153,
            61.66036,
            29.410883,
            0.0,
            33.286633,
            25.96151,
            61.269894,
            17.0,
            10.816654,
            59.908264,
            34.132095
        ],
        [
            36.40055,
            39.051247,
            34.132095,
            34.828148,
            5.0,
            64.3506,
            54.451813,
            58.5235,
            25.806976,
            55.86591,
            23.345236,
            43.046486,
            28.01785,
            19.313208,
            39.051247,
            47.88528,
            42.638012,
            43.416588,
            33.286633,
            0.0,
            47.853943,
            52.478565,
            16.40122,
            43.416588,
            44.598206,
            65.76473
        ],
        [
            13.601471,
            72.67049,
            68.007355,
            45.88028,
            47.169907,
            25.079872,
            17.464249,
            70.85902,
            42.190044,
            18.248287,
            26.24881,
            61.68468,
            42.579338,
            28.653097,
            54.08327,
            2.236068,
            56.32051,
            10.049875,
            25.96151,
            47.853943,
            0.0,
            48.04165,
            33.955853,
            20.615528,
            51.971146,
            25.317978
        ],
        [
            38.327538,
            44.64303,
            42.579338,
            18.681541,
            47.88528,
            73.0,
            65.27634,
            25.553865,
            26.832815,
            66.189125,
            38.013157,
            25.079872,
            70.434364,
            43.416588,
            20.22375,
            50.08992,
            18.973665,
            38.118237,
            61.269894,
            52.478565,
            48.04165,
            0.0,
            53.15073,
            63.600315,
            12.369317,
            73.02739
        ],
        [
            25.179358,
            52.611786,
            47.518417,
            38.910152,
            18.384777,
            48.104053,
            38.28838,
            65.78754,
            30.083218,
            39.698868,
            15.811388,
            51.41984,
            17.492855,
            10.0,
            45.54119,
            33.526108,
            49.0408,
            32.06244,
            17.0,
            16.40122,
            33.955853,
            53.15073,
            0.0,
            27.018513,
            48.76474,
            49.57822
        ],
        [
            25.298222,
            77.16217,
            72.11102,
            56.0,
            44.94441,
            21.633308,
            12.649111,
            83.15047,
            49.365982,
            13.928389,
            30.265491,
            71.17584,
            26.683329,
            28.460499,
            64.03124,
            18.601076,
            67.0,
            27.45906,
            10.816654,
            43.416588,
            20.615528,
            63.600315,
            27.018513,
            0.0,
            64.28063,
            23.323807
        ],
        [
            40.04997,
            32.280025,
            30.265491,
            10.0,
            39.698868,
            76.941536,
            68.26419,
            19.026299,
            19.209373,
            69.354164,
            35.44009,
            13.038404,
            66.24198,
            39.92493,
            8.0,
            53.75872,
            6.708204,
            41.976185,
            59.908264,
            44.598206,
            51.971146,
            12.369317,
            48.76474,
            64.28063,
            0.0,
            77.27872
        ],
        [
            37.94733,
            96.17692,
            91.3017,
            70.88018,
            66.6033,
            2.0,
            11.313708,
            96.17692,
            66.309875,
            9.899495,
            48.373547,
            86.683334,
            49.396355,
            48.60041,
            79.12016,
            23.537205,
            81.49233,
            35.35534,
            34.132095,
            65.76473,
            25.317978,
            73.02739,
            49.57822,
            23.323807,
            77.27872,
            0.0
        ]
    ]
}