{
    "patients": [
        {
            "id": "p1",
            "location": [
                66.0,
                39.0
            ],
            "time_window": [
                451.0,
                571.0
            ],
            "required_caregivers": [
                {
                    "service": "s1",
                    "duration": 19.0
                }
            ]
        },
        {
            "id": "p2",
            "location": [
                41.0,
                35.0
            ],
            "time_window": [
                156.0,
                276.0
            ],
            "required_caregivers": [
                {
                    "service": "s0",
                    "duration": 19.0
                }
            ]
        },
        {
            "id": "p3",
            "location": [
                77.0,
                13.0
            ],
            "time_window": [
                146.0,
                266.0
            ],
            "required_caregivers": [
                {
                    "service": "s2",
                    "duration": 19.0
                }
            ]
        },
        {
            "id": "p4",
            "location": [
                90.0,
                16.0
            ],
            "time_window": [
                18.0,
                138.0
            ],
            "required_caregivers": [
                {
                    "service": "s0",
                    "duration": 19.0
                }
            ]
        },
        {
            "id": "p5",
            "location": [
                8.0,
                25.0
            ],
            "time_window": [
                1.0,
                121.0
            ],
            "required_caregivers": [
                {
                    "service": "s1",
                    "duration": 19.0
                }
            ]
        },
        {
            "id": "p6",
            "location": [
                12.0,
                9.0
            ],
            "time_window": [
                83.0,
                203.0
            ],
            "required_caregivers": [
                {
                    "service": "s5",
                    "duration": 19.0
                }
            ]
        },
        {
            "id": "p7",
            "location": [
                29.0,
                23.0
            ],
            "time_window": [
                137.0,
                257.0
            ],
            "required_caregivers": [
                {
                    "service": "s5",
                    "duration": 19.0
                }
            ]
        },
        {
            "id": "p8",
            "location": [
                53.0,
                15.0
            ],
            "time_window": [
                124.0,
                244.0
            ],
            "required_caregivers": [
                {
                    "service": "s4",
                    "duration": 19.0
                }
            ]
        },
        {
            "id": "p9",
            "location": [
                51.0,
                20.0
            ],
            "time_window": [
                310.0,
                430.0
            ],
            "required_caregivers": [
                {
                    "service": "s4",
                    "duration": 19.0
                }
            ]
        },
        {
            "id": "p10",
            "location": [
                9.0,
                13.0
            ],
            "time_window": [
                401.0,
                521.0
            ],
            "required_caregivers": [
                {
                    "service": "s5",
                    "duration": 19.0
                }
            ]
        },
        {
            "id": "p11",
            "location": [
                97.0,
                14.0
            ],
            "time_window": [
                28.0,
                148.0
            ],
            "required_caregivers": [
                {
                    "service": "s4",
                    "duration": 19.0
                }
            ]
        },
        {
            "id": "p12",
            "location": [
                96.0,
                15.0
            ],
            "time_window": [
                428.0,
                548.0
            ],
            "required_caregivers": [
                {
                    "service": "s2",
                    "duration": 19.0
                }
            ]
        },
        {
            "id": "p13",
            "location": [
                92.0,
                6.0
            ],
            "time_window": [
                72.0,
                192.0
            ],
            "required_caregivers": [
                {
                    "service": "s0",
                    "duration": 19.0
                }
            ]
        },
        {
            "id": "p14",
            "location": [
                31.0,
                35.0
            ],
            "time_window": [
                471.0,
                591.0
            ],
            "required_caregivers": [
                {
                    "service": "s3",
                    "duration": 19.0
                }
            ]
        },
        {
            "id": "p15",
            "location": [
                64.0,
                26.0
            ],
            "time_window": [
                349.0,
                469.0
            ],
            "required_caregivers": [
                {
                    "service": "s1",
                    "duration": 19.0
                }
            ]
        },
        {
            "id": "p16",
            "location": [
                16.0,
                14.0
            ],
            "time_window": [
                24.0,
                144.0
            ],
            "required_caregivers": [
                {
                    "service": "s0",
                    "duration": 19.0
                }
            ]
        },
        {
            "id": "p17",
            "location": [
                73.0,
                9.0
            ],
            "time_window": [
                173.0,
                293.0
            ],
            "required_caregivers": [
                {
                    "service": "s5",
                    "duration": 19.0
                }
            ]
        },
        {
            "id": "p18",
            "location": [
                54.0,
                21.0
            ],
            "time_window": [
                120.0,
                240.0
            ],
            "required_caregivers": [
                {
                    "service": "s3",
                    "duration": 19.0
                },
                {
                    "service": "s4",
                    "duration": 19.0
                }
            ],
            "synchronization": {
                "type": "simultaneous"
            }
        },
        {
            "id": "p19",
            "location": [
                61.0,
                37.0
            ],
            "time_window": [
                271.0,
                391.0
            ],
            "required_caregivers": [
                {
                    "service": "s3",
                    "duration": 19.0
                },
                {
                    "service": "s5",
                    "duration": 19.0
                }
            ],
            "synchronization": {
                "type": "simultaneous"
            }
        },
        {
            "id": "p20",
            "location": [
                70.0,
                33.0
            ],
            "time_window": [
                98.0,
                218.0
            ],
            "required_caregivers": [
                {
                    "service": "s4",
                    "duration": 19.0
                },
                {
                    "service": "s5",
                    "duration": 19.0
                }
            ],
            "synchronization": {
                "type": "simultaneous"
            }
        },
        {
            "id": "p21",
            "location": [
                51.0,
                8.0
            ],
            "time_window": [
                249.0,
                369.0
            ],
            "required_caregivers": [
                {
                    "service": "s4",
                    "duration": 19.0
                },
                {
                    "service": "s5",
                    "duration": 19.0
                }
            ],
            "synchronization": {
                "type": "simultaneous"
            }
        },
        {
            "id": "p22",
            "location": [
                5.0,
                26.0
            ],
            "time_window": [
                128.0,
                248.0
            ],
            "required_caregivers": [
                {
                    "service": "s0",
                    "duration": 19.0
                },
                {
                    "service": "s4",
                    "duration": 19.0
                }
            ],
            "synchronization": {
                "type": "sequential",
                "distance": [
                    1,
                    2
                ]
            }
        },
        {
            "id": "p23",
            "location": [
                66.0,
                13.0
            ],
            "time_window": [
                337.0,
                457.0
            ],
            "required_caregivers": [
                {
                    "service": "s2",
                    "duration": 19.0
                },
                {
                    "service": "s3",
                    "duration": 19.0
                }
            ],
            "synchronization": {
                "type": "sequential",
                "distance": [
                    39,
                    78
                ]
            }
        },
        {
            "id": "p24",
            "location": [
                88.0,
                18.0
            ],
            "time_window": [
                379.0,
                499.0
            ],
            "required_caregivers": [
                {
                    "service": "s2",
                    "duration": 19.0
                },
                {
                    "service": "s5",
                    "duration": 19.0
                }
            ],
            "synchronization": {
                "type": "sequential",
                "distance": [
                    21,
                    42
                ]
            }
        },
        {
            "id": "p25",
            "location": [
                0.0,
                0.0
            ],
            "time_window": [
                56.0,
                176.0
            ],
            "required_caregivers": [
                {
                    "service": "s1",
                    "duration": 19.0
                },
                {
                    "service": "s3",
                    "duration": 19.0
                }
            ],
            "synchronization": {
                "type": "sequential",
                "distance": [
                    54,
                    108
                ]
            }
        }
    ],
    "services": [
        {
            "id": "s0",
            "default_duration": 19.0
        },
        {
            "id": "s1",
            "default_duration": 19.0
        },
        {
            "id": "s2",
            "default_duration": 19.0
        },
        {
            "id": "s3",
            "default_duration": 19.0
        },
        {
            "id": "s4",
            "default_duration": 19.0
        },
        {
            "id": "s5",
            "default_duration": 19.0
        }
    ],
    "caregivers": [
        {
            "id": "c0",
            "abilities": [
                "s0",
                "s1",
                "s2"
            ]
        },
        {
            "id": "c1",
            "abilities": [
                "s2"
            ]
        },
        {
            "id": "c2",
            "abilities": [
                "s3",
                "s4",
                "s5"
            ]
        },
        {
            "id": "c3",
            "abilities": [
                "s3",
                "s4",
                "s5"
            ]
        },
        {
            "id": "c4",
            "abilities": [
                "s4",
                "s5"
            ]
        }
    ],
    "central_offices": [
        {
            "id": "d",
            "location": [
                11.0,
                32.0
            ]
        }
    ],
    "distances": [
        [
            0.0,
            55.443665,
            30.149628,
            68.68042,
            80.60397,
            7.615773,
            23.021729,
            20.12461,
            45.310043,
            41.761227,
            19.104973,
            87.86353,
            86.683334,
            85.07056,
            20.22375,
            53.338543,
            18.681541,
            66.12866,
            44.38468,
            50.24938,
            59.008472,
            46.647614,
            8.485281,
            58.189346,
            78.26238,
            33.83785
        ],
        [
            55.443665,
            0.0,
            25.317978,
            28.231188,
            33.24154,
            59.665737,
            61.77378,
            40.311287,
            27.294687,
            24.207438,
            62.649822,
            39.824615,
            38.418747,
            42.0119,
            35.22783,
            13.152946,
            55.9017,
            30.805843,
            21.633308,
            5.3851647,
            7.2111025,
            34.43835,
            62.369865,
            26.0,
            30.413813,
            76.66159
        ],
        [
            30.149628,
            25.317978,
            0.0,
            42.190044,
            52.554733,
            34.48188,
            38.948685,
            16.970562,
            23.323807,
            18.027756,
            38.832977,
            59.808025,
            58.5235,
            58.66856,
            10.0,
            24.698177,
            32.649654,
            41.231056,
            19.104973,
            20.09975,
            29.068884,
            28.79236,
            37.107952,
            33.30165,
            49.979996,
            53.90733
        ],
        [
            68.68042,
            28.231188,
            42.190044,
            0.0,
            13.341664,
            70.035706,
            65.12296,
            49.0306,
            24.083189,
            26.925823,
            68.0,
            20.024984,
            19.104973,
            16.552946,
            50.990196,
            18.384777,
            61.008198,
            5.656854,
            24.351591,
            28.84441,
            21.189621,
            26.476404,
            73.1642,
            11.0,
            12.083046,
            78.08969
        ],
        [
            80.60397,
            33.24154,
            52.554733,
            13.341664,
            0.0,
            82.492424,
            78.31347,
            61.400326,
            37.01351,
            39.20459,
            81.055534,
            7.28011,
            6.0827627,
            10.198039,
            61.983868,
            27.856777,
            74.02702,
            18.384777,
            36.345562,
            35.805027,
            26.24881,
            39.812057,
            85.58621,
            24.186773,
            2.828427,
            91.411156
        ],
        [
            7.615773,
            59.665737,
            34.48188,
            70.035706,
            82.492424,
            0.0,
            16.492422,
            21.095022,
            46.09772,
            43.289722,
            12.0415945,
            89.6772,
            88.56636,
            86.12201,
            25.079872,
            56.008926,
            13.601471,
            66.94027,
            46.173584,
            54.34151,
            62.514,
            46.238514,
            3.1622777,
            59.22837,
            80.305664,
            26.24881
        ],
        [
            23.021729,
            61.77378,
            38.948685,
            65.12296,
            78.31347,
            16.492422,
            0.0,
            22.022715,
            41.4367,
            40.5216,
            5.0,
            85.146935,
            84.21401,
            80.05623,
            32.202484,
            54.708317,
            6.4031243,
            61.0,
            43.68066,
            56.435802,
            62.76942,
            39.012817,
            18.384777,
            54.147945,
            76.53104,
            15.0
        ],
        [
            20.12461,
            40.311287,
            16.970562,
            49.0306,
            61.400326,
            21.095022,
            22.022715,
            0.0,
            25.298222,
            22.203604,
            22.36068,
            68.593,
            67.47592,
            65.25335,
            12.165525,
            35.128338,
            15.811388,
            46.173584,
            25.079872,
            34.928497,
            42.201897,
            26.627054,
            24.186773,
            38.327538,
            59.211487,
            37.01351
        ],
        [
            45.310043,
            27.294687,
            23.323807,
            24.083189,
            37.01351,
            46.09772,
            41.4367,
            25.298222,
            0.0,
            5.3851647,
            44.04543,
            44.011364,
            43.0,
            40.024994,
            29.732138,
            15.556349,
            37.01351,
            20.880613,
            6.0827627,
            23.409399,
            24.758837,
            7.28011,
            49.24429,
            13.152946,
            35.128338,
            55.081757
        ],
        [
            41.761227,
            24.207438,
            18.027756,
            26.925823,
            39.20459,
            43.289722,
            40.5216,
            22.203604,
            5.3851647,
            0.0,
            42.579338,
            46.389652,
            45.276924,
            43.32436,
            25.0,
            14.3178215,
            35.510563,
            24.596748,
            3.1622777,
            19.723083,
            23.021729,
            12.0,
            46.389652,
            16.552946,
            37.054016,
            54.781384
        ],
        [
            19.104973,
            62.649822,
            38.832977,
            68.0,
            81.055534,
            12.0415945,
            5.0,
            22.36068,
            44.04543,
            42.579338,
            0.0,
            88.005684,
            87.02299,
            83.294655,
            31.112698,
            56.515484,
            7.071068,
            64.12488,
            45.705578,
            57.271286,
            64.195015,
            42.296574,
            13.601471,
            57.0,
            79.15807,
            15.811388
        ],
        [
            87.86353,
            39.824615,
            59.808025,
            20.024984,
            7.28011,
            89.6772,
            85.146935,
            68.593,
            44.011364,
            46.389652,
            88.005684,
            0.0,
            1.4142135,
            9.433981,
            69.260376,
            35.1141,
            81.0,
            24.5153,
            43.56604,
            42.72002,
            33.01515,
            46.389652,
            92.779305,
            31.016125,
            9.848858,
            98.005104
        ],
        [
            86.683334,
            38.418747,
            58.5235,
            19.104973,
            6.0827627,
            88.56636,
            84.21401,
            67.47592,
            43.0,
            45.276924,
            87.02299,
            1.4142135,
            0.0,
            9.848858,
            68.007355,
            33.83785,
            80.00625,
            23.769728,
            42.426407,
            41.340054,
            31.622776,
            45.54119,
            91.66242,
            30.066593,
            8.5440035,
            97.16481
        ],
        [
            85.07056,
            42.0119,
            58.66856,
            16.552946,
            10.198039,
            86.12201,
            80.05623,
            65.25335,
            40.024994,
            43.32436,
            83.294655,
            9.433981,
            9.848858,
            0.0,
            67.54258,
            34.4093,
            76.41989,
            19.235384,
            40.853397,
            43.840622,
            34.828148,
            41.04875,
            89.26926,
            26.925823,
            12.649111,
            92.19544
        ],
        [
            20.22375,
            35.22783,
            10.0,
            50.990196,
            61.983868,
            25.079872,
            32.202484,
            12.165525,
            29.732138,
            25.0,
            31.112698,
            69.260376,
            68.007355,
            67.54258,
            0.0,
            34.20526,
            25.806976,
            49.396355,
            26.925823,
            30.066593,
            39.051247,
            33.600594,
            27.513634,
            41.340054,
            59.48109,
            46.75468
        ],
        [
            53.338543,
            13.152946,
            24.698177,
            18.384777,
            27.856777,
            56.008926,
            54.708317,
            35.128338,
            15.556349,
            14.3178215,
            56.515484,
            35.1141,
            33.83785,
            34.4093,
            34.20526,
            0.0,
            49.47727,
            19.235384,
            11.18034,
            11.401754,
            9.219544,
            22.203604,
            59.0,
            13.152946,
            25.298222,
            69.079666
        ],
        [
            18.681541,
            55.9017,
            32.649654,
            61.008198,
            74.02702,
            13.601471,
            6.4031243,
            15.811388,
            37.01351,
            35.510563,
            7.071068,
            81.0,
            80.00625,
            76.41989,
            25.806976,
            49.47727,
            0.0,
            57.21888,
            38.63936,
            50.537113,
            57.245087,
            35.510563,
            16.27882,
            50.01,
            72.11102,
            21.260292
        ],
        [
            66.12866,
            30.805843,
            41.231056,
            5.656854,
            18.384777,
            66.94027,
            61.0,
            46.173584,
            20.880613,
            24.596748,
            64.12488,
            24.5153,
            23.769728,
            19.235384,
            49.396355,
            19.235384,
            57.21888,
            0.0,
            22.472204,
            30.463093,
            24.186773,
            22.022715,
            70.0928,
            8.062258,
            17.492855,
            73.552704
        ],
        [
            44.38468,
            21.633308,
            19.104973,
            24.351591,
            36.345562,
            46.173584,
            43.68066,
            25.079872,
            6.0827627,
            3.1622777,
            45.705578,
            43.56604,
            42.426407,
            40.853397,
            26.925823,
            11.18034,
            38.63936,
            22.472204,
            0.0,
            17.464249,
            20.0,
            13.341664,
            49.25444,
            14.422205,
            34.132095,
            57.939625
        ],
        [
            50.24938,
            5.3851647,
            20.09975,
            28.84441,
            35.805027,
            54.34151,
            56.435802,
            34.928497,
            23.409399,
            19.723083,
            57.271286,
            42.72002,
            41.340054,
            43.840622,
            30.066593,
            11.401754,
            50.537113,
            30.463093,
            17.464249,
            0.0,
            9.848858,
            30.675724,
            57.070133,
            24.5153,
            33.01515,
            71.34424
        ],
        [
            59.008472,
            7.2111025,
            29.068884,
            21.189621,
            26.24881,
            62.514,
            62.76942,
            42.201897,
            24.758837,
            23.021729,
            64.195015,
            33.01515,
            31.622776,
            34.828148,
            39.051247,
            9.219544,
            57.245087,
            24.186773,
            20.0,
            9.848858,
            0.0,
            31.400637,
            65.37584,
            20.396078,
            23.43075,
            77.388626
        ],
        [
            46.647614,
            34.43835,
            28.79236,
            26.476404,
            39.812057,
            46.238514,
            39.012817,
            26.627054,
            7.28011,
            12.0,
            42.296574,
            46.389652,
            45.54119,
            41.04875,
            33.600594,
            22.203604,
            35.510563,
            22.022715,
            13.341664,
            30.675724,
            31.400637,
            0.0,
            49.396355,
            15.811388,
            38.327538,
            51.62364
        ],
        [
            8.485281,
            62.369865,
            37.107952,
            73.1642,
            85.58621,
            3.1622777,
            18.384777,
            24.186773,
            49.24429,
            46.389652,
            13.601471,
            92.779305,
            91.66242,
            89.26926,
            27.513634,
            59.0,
            16.27882,
            70.0928,
            49.25444,
            57.070133,
            65.37584,
            49.396355,
            0.0,
            62.369865,
            83.38465,
            26.476404
        ],
        [
            58.189346,
            26.0,
            33.30165,
            11.0,
            24.186773,
            59.22837,
            54.147945,
            38.327538,
            13.152946,
            16.552946,
            57.0,
            31.016125,
            30.066593,
            26.925823,
            41.340054,
            13.152946,
            50.01,
            8.062258,
            14.422205,
            24.5153,
            20.396078,
            15.811388,
            62.369865,
            0.0,
            22.561028,
            67.26812
        ],
        [
            78.26238,
            30.413813,
            49.979996,
            12.083046,
            2.828427,
            80.305664,
            76.53104,
            59.211487,
            35.128338,
            37.054016,
            79.15807,
            9.848858,
            8.5440035,
            12.649111,
            59.48109,
            25.298222,
            72.11102,
            17.492855,
            34.132095,
            33.01515,
            23.43075,
            38.327538,
            83.38465,
            22.561028,
            0.0,
            89.822044
        ],
        [
            33.83785,
            76.66159,
            53.90733,
            78.08969,
            91.411156,
            26.24881,
            15.0,
            37.01351,
            55.081757,
            54.781384,
            15.811388,
            98.005104,
            97.16481,
            92.19544,
            46.75468,
            69.079666,
            21.260292,
            73.552704,
            57.939625,
            71.34424,
            77.388626,
            51.62364,
            26.476404,
            67.26812,
            89.822044,
            0.0
        ]
    ]
}