{
    "patients": [
        {
            "id": "p1",
            "location": [
                85.0,
                24.0
            ],
            "time_window": [
                76.0,
                196.0
            ],
            "required_caregivers": [
                {
                    "service": "s4",
                    "duration": 12.0
                }
            ]
        },
        {
            "id": "p2",
            "location": [
                80.0,
                33.0
            ],
            "time_window": [
                44.0,
                164.0
            ],
            "required_caregivers": [
                {
                    "service": "s2",
                    "duration": 12.0
                }
            ]
        },
        {
            "id": "p3",
            "location": [
                68.0,
                1.0
            ],
            "time_window": [
                45.0,
                165.0
            ],
            "required_caregivers": [
                {
                    "service": "s3",
                    "duration": 12.0
                }
            ]
        },
        {
            "id": "p4",
            "location": [
                50.0,
                18.0
            ],
            "time_window": [
                124.0,
                244.0
            ],
            "required_caregivers": [
                {
                    "service": "s4",
                    "duration": 12.0
                }
            ]
        },
        {
            "id": "p5",
            "location": [
                0.0,
                4.0
            ],
            "time_window": [
                100.0,
                220.0
            ],
            "required_caregivers": [
                {
                    "service": "s4",
                    "duration": 12.0
                }
            ]
        },
        {
            "id": "p6",
            "location": [
                8.0,
                39.0
            ],
            "time_window": [
                334.0,
                454.0
            ],
            "required_caregivers": [
                {
                    "service": "s4",
                    "duration": 12.0
                }
            ]
        },
        {
            "id": "p7",
            "location": [
                95.0,
                0.0
            ],
            "time_window": [
                448.0,
                568.0
            ],
            "required_caregivers": [
                {
                    "service": "s4",
                    "duration": 12.0
                }
            ]
        },
        {
            "id": "p8",
            "location": [
                61.0,
                26.0
            ],
            "time_window": [
                329.0,
                449.0
            ],
            "required_caregivers": [
                {
                    "service": "s3",
                    "duration": 12.0
                },
                {
                    "service": "s5",
                    "duration": 12.0
                }
            ],
            "synchronization": {
                "type": "simultaneous"
            }
        },
        {
            "id": "p9",
            "location": [
                7.0,
                11.0
            ],
            "time_window": [
                450.0,
                570.0
            ],
            "required_caregivers": [
                {
                    "service": "s0",
                    "duration": 12.0
                },
                {
                    "service": "s3",
                    "duration": 12.0
                }
            ],
            "synchronization": {
                "type": "sequential",
                "distance": [
                    42,
                    84
                ]
            }
        },
        {
            "id": "p10",
            "location": [
                0.0,
                0.0
            ],
            "time_window": [
                174.0,
                294.0
            ],
            "required_caregivers": [
                {
                    "service": "s0",
                    "duration": 12.0
                },
                {
                    "service": "s3",
                    "duration": 12.0
                }
            ],
            "synchronization": {
                "type": "sequential",
                "distance": [
                    41,
                    82
                ]
            }
        }
    ],
    "services": [
        {
            "id": "s0",
            "default_duration": 12.0
        },
        {
            "id": "s1",
            "default_duration": 30.0
        },
        {
            "id": "s2",
            "default_duration": 12.0
        },
        {
            "id": "s3",
            "default_duration": 12.0
        },
        {
            "id": "s4",
            "default_duration": 12.0
        },
        {
            "id": "s5",
            "default_duration": 12.0
        }
    ],
    "caregivers": [
        {
            "id": "c0",
            "abilities": [
                "s0",
                "s1",
                "s2"
            ]
        },
        {
            "id": "c1",
            "abilities": [
                "s5"
            ]
        },
        {
            "id": "c2",
            "abilities": [
                "s3",
                "s4",
                "s5"
            ]
        }
    ],
    "central_offices": [
        {
            "id": "d",
            "location": [
                36.0,
                42.0
            ]
        }
    ],
    "distances": [
        [
            0.0,
            52.201534,
            44.911022,
            52.009613,
            27.784887,
            52.34501,
            28.160255,
            72.42237,
            29.681644,
            42.44997,
            55.31727
        ],
        [
            52.201534,
            0.0,
            10.29563,
            28.600698,
            35.510563,
            87.32124,
            78.44743,
            26.0,
            24.083189,
            79.07591,
            88.32327
        ],
        [
            44.911022,
            10.29563,
            0.0,
            34.176014,
            33.54102,
            85.09406,
            72.249565,
            36.249138,
            20.248457,
            76.243034,
            86.53901
        ],
        [
            52.009613,
            28.600698,
            34.176014,
            0.0,
            24.758837,
            68.06615,
            71.021126,
            27.018513,
            25.96151,
            61.81424,
            68.007355
        ],
        [
            27.784887,
            35.510563,
            33.54102,
            24.758837,
            0.0,
            51.92302,
            46.957428,
            48.466484,
            13.601471,
            43.56604,
            53.14132
        ],
        [
            52.34501,
            87.32124,
            85.09406,
            68.06615,
            51.92302,
            0.0,
            35.902645,
            95.084175,
            64.84597,
            9.899495,
            4.0
        ],
        [
            28.160255,
            78.44743,
            72.249565,
            71.021126,
            46.957428,
            35.902645,
            0.0,
            95.34149,
            54.571056,
            28.01785,
            39.812057
        ],
        [
            72.42237,
            26.0,
            36.249138,
            27.018513,
            48.466484,
            95.084175,
            95.34149,
            0.0,
            42.80187,
            88.68484,
            95.0
        ],
        [
            29.681644,
            24.083189,
            20.248457,
            25.96151,
            13.601471,
            64.84597,
            54.571056,
            42.80187,
            0.0,
            56.044624,
            66.309875
        ],
        [
            42.44997,
            79.07591,
            76.243034,
            61.81424,
            43.56604,
            9.899495,
            28.01785,
            88.68484,
            56.044624,
            0.0,
            13.038404
        ],
        [
            55.31727,
            88.32327,
            86.53901,
            68.007355,
            53.14132,
            4.0,
            39.812057,
            95.0,
            66.309875,
            13.038404,
            0.0
        ]
    ]
}