{
    "patients": [
        {
            "id": "p1",
            "location": [
                40.0,
                47.0
            ],
            "time_window": [
                28.0,
                148.0
            ],
            "required_caregivers": [
                {
                    "service": "s5",
                    "duration": 11.0
                }
            ]
        },
        {
            "id": "p2",
            "location": [
                89.0,
                49.0
            ],
            "time_window": [
                252.0,
                372.0
            ],
            "required_caregivers": [
                {
                    "service": "s1",
                    "duration": 11.0
                }
            ]
        },
        {
            "id": "p3",
            "location": [
                6.0,
                42.0
            ],
            "time_window": [
                200.0,
                320.0
            ],
            "required_caregivers": [
                {
                    "service": "s3",
                    "duration": 11.0
                }
            ]
        },
        {
            "id": "p4",
            "location": [
                47.0,
                6.0
            ],
            "time_window": [
                427.0,
                547.0
            ],
            "required_caregivers": [
                {
                    "service": "s2",
                    "duration": 11.0
                }
            ]
        },
        {
            "id": "p5",
            "location": [
                94.0,
                14.0
            ],
            "time_window": [
                309.0,
                429.0
            ],
            "required_caregivers": [
                {
                    "service": "s4",
                    "duration": 11.0
                }
            ]
        },
        {
            "id": "p6",
            "location": [
                34.0,
                12.0
            ],
            "time_window": [
                390.0,
                510.0
            ],
            "required_caregivers": [
                {
                    "service": "s1",
                    "duration": 11.0
                }
            ]
        },
        {
            "id": "p7",
            "location": [
                14.0,
                35.0
            ],
            "time_window": [
                366.0,
                486.0
            ],
            "required_caregivers": [
                {
                    "service": "s1",
                    "duration": 11.0
                }
            ]
        },
        {
            "id": "p8",
            "location": [
                67.0,
                3.0
            ],
            "time_window": [
                39.0,
                159.0
            ],
            "required_caregivers": [
                {
                    "service": "s4",
                    "duration": 11.0
                },
                {
                    "service": "s5",
                    "duration": 11.0
                }
            ],
            "synchronization": {
                "type": "simultaneous"
            }
        },
        {
            "id": "p9",
            "location": [
                30.0,
                12.0
            ],
            "time_window": [
                7.0,
                127.0
            ],
            "required_caregivers": [
                {
                    "service": "s1",
                    "duration": 11.0
                },
                {
                    "service": "s6",
                    "duration": 11.0
                }
            ],
            "synchronization": {
                "type": "sequential",
                "distance": [
                    36,
                    72
                ]
            }
        },
        {
            "id": "p10",
            "location": [
                0.0,
                0.0
            ],
            "time_window": [
                348.0,
                468.0
            ],
            "required_caregivers": [
                {
                    "service": "s3",
                    "duration": 11.0
                },
                {
                    "service": "s5",
                    "duration": 11.0
                }
            ],
            "synchronization": {
                "type": "sequential",
                "distance": [
                    49,
                    98
                ]
            }
        }
    ],
    "services": [
        {
            "id": "s1",
            "default_duration": 11.0
        },
        {
            "id": "s2",
            "default_duration": 11.0
        },
        {
            "id": "s3",
            "default_duration": 11.0
        },
        {
            "id": "s4",
            "default_duration": 11.0
        },
        {
            "id": "s5",
            "default_duration": 11.0
        },
        {
            "id": "s6",
            "default_duration": 11.0
        }
    ],
    "caregivers": [
        {
            "id": "c1",
            "abilities": [
                "s1",
                "s2",
                "s3"
            ]
        },
        {
            "id": "c2",
            "abilities": [
                "s4",
                "s5"
            ]
        },
        {
            "id": "c3",
            "abilities": [
                "s4",
                "s5",
                "s6"
            ]
        }
    ],
    "central_offices": [
        {
            "id": "d",
            "location": [
                8.0,
                28.0
            ]
        }
    ],
    "distances": [
        [
            0.0,
            37.215588,
            83.677956,
            14.142136,
            44.777225,
            87.13208,
            30.528675,
            9.219544,
            64.07808,
            27.202942,
            29.12044
        ],
        [
            37.215588,
            0.0,
            49.0408,
            34.36568,
            41.59327,
            63.28507,
            35.510563,
            28.635643,
            51.62364,
            36.40055,
            61.7171
        ],
        [
            83.677956,
            49.0408,
            0.0,
            83.294655,
            60.108234,
            35.35534,
            66.287254,
            76.29548,
            50.990196,
            69.641945,
            101.597244
        ],
        [
            14.142136,
            34.36568,
            83.294655,
            0.0,
            54.56189,
            92.34717,
            41.036568,
            10.630146,
            72.40166,
            38.418747,
            42.426407
        ],
        [
            44.777225,
            41.59327,
            60.108234,
            54.56189,
            0.0,
            47.67599,
            14.3178215,
            43.931767,
            20.22375,
            18.027756,
            47.38143
        ],
        [
            87.13208,
            63.28507,
            35.35534,
            92.34717,
            47.67599,
            0.0,
            60.033325,
            82.710335,
            29.15476,
            64.03124,
            95.036835
        ],
        [
            30.528675,
            35.510563,
            66.287254,
            41.036568,
            14.3178215,
            60.033325,
            0.0,
            30.479502,
            34.20526,
            4.0,
            36.05551
        ],
        [
            9.219544,
            28.635643,
            76.29548,
            10.630146,
            43.931767,
            82.710335,
            30.479502,
            0.0,
            61.91123,
            28.01785,
            37.696156
        ],
        [
            64.07808,
            51.62364,
            50.990196,
            72.40166,
            20.22375,
            29.15476,
            34.20526,
            61.91123,
            0.0,
            38.078865,
            67.06713
        ],
        [
            27.202942,
            36.40055,
            69.641945,
            38.418747,
            18.027756,
            64.03124,
            4.0,
            28.01785,
            38.078865,
            0.0,
            32.31099
        ],
        [
            29.12044,
            61.7171,
            101.597244,
            42.426407,
            47.38143,
            95.036835,
            36.05551,
            37.696156,
            67.06713,
            32.31099,
            0.0
        ]
    ]
}