{
    "patients": [
        {
            "id": "p1",
            "location": [
                47.0,
                32.0
            ],
            "time_window": [
                345.0,
                465.0
            ],
            "required_caregivers": [
                {
                    "service": "s4",
                    "duration": 14.0
                }
            ]
        },
        {
            "id": "p2",
            "location": [
                54.0,
                10.0
            ],
            "time_window": [
                268.0,
                388.0
            ],
            "required_caregivers": [
                {
                    "service": "s5",
                    "duration": 14.0
                }
            ]
        },
        {
            "id": "p3",
            "location": [
                34.0,
                49.0
            ],
            "time_window": [
                247.0,
                367.0
            ],
            "required_caregivers": [
                {
                    "service": "s2",
                    "duration": 14.0
                }
            ]
        },
        {
            "id": "p4",
            "location": [
                78.0,
                24.0
            ],
            "time_window": [
                393.0,
                513.0
            ],
            "required_caregivers": [
                {
                    "service": "s4",
                    "duration": 14.0
                }
            ]
        },
        {
            "id": "p5",
            "location": [
                69.0,
                9.0
            ],
            "time_window": [
                254.0,
                374.0
            ],
            "required_caregivers": [
                {
                    "service": "s3",
                    "duration": 14.0
                }
            ]
        },
        {
            "id": "p6",
            "location": [
                17.0,
                48.0
            ],
            "time_window": [
                184.0,
                304.0
            ],
            "required_caregivers": [
                {
                    "service": "s5",
                    "duration": 14.0
                }
            ]
        },
        {
            "id": "p7",
            "location": [
                62.0,
                3.0
            ],
            "time_window": [
                434.0,
                554.0
            ],
            "required_caregivers": [
                {
                    "service": "s3",
                    "duration": 14.0
                }
            ]
        },
        {
            "id": "p8",
            "location": [
                92.0,
                37.0
            ],
            "time_window": [
                46.0,
                166.0
            ],
            "required_caregivers": [
                {
                    "service": "s5",
                    "duration": 14.0
                },
                {
                    "service": "s6",
                    "duration": 14.0
                }
            ],
            "synchronization": {
                "type": "simultaneous"
            }
        },
        {
            "id": "p9",
            "location": [
                96.0,
                2.0
            ],
            "time_window": [
                298.0,
                418.0
            ],
            "required_caregivers": [
                {
                    "service": "s1",
                    "duration": 14.0
                },
                {
                    "service": "s4",
                    "duration": 14.0
                }
            ],
            "synchronization": {
                "type": "sequential",
                "distance": [
                    51,
                    102
                ]
            }
        },
        {
            "id": "p10",
            "location": [
                0.0,
                0.0
            ],
            "time_window": [
                148.0,
                268.0
            ],
            "required_caregivers": [
                {
                    "service": "s3",
                    "duration": 14.0
                },
                {
                    "service": "s6",
                    "duration": 14.0
                }
            ],
            "synchronization": {
                "type": "sequential",
                "distance": [
                    8,
                    16
                ]
            }
        }
    ],
    "services": [
        {
            "id": "s1",
            "default_duration": 14.0
        },
        {
            "id": "s2",
            "default_duration": 14.0
        },
        {
            "id": "s3",
            "default_duration": 14.0
        },
        {
            "id": "s4",
            "default_duration": 14.0
        },
        {
            "id": "s5",
            "default_duration": 14.0
        },
        {
            "id": "s6",
            "default_duration": 14.0
        }
    ],
    "caregivers": [
        {
            "id": "c1",
            "abilities": [
                "s1",
                "s2",
                "s3"
            ]
        },
        {
            "id": "c2",
            "abilities": [
                "s5",
                "s6"
            ]
        },
        {
            "id": "c3",
            "abilities": [
                "s4",
                "s5",
                "s6"
            ]
        }
    ],
    "central_offices": [
        {
            "id": "d",
            "location": [
                85.0,
                26.0
            ]
        }
    ],
    "distances": [
        [
            0.0,
            38.470768,
            34.88553,
            55.946404,
            7.28011,
            23.345236,
            71.470276,
            32.526913,
            13.038404,
            26.400757,
            88.88757
        ],
        [
            38.470768,
            0.0,
            23.086792,
            21.400934,
            32.01562,
            31.827662,
            34.0,
            32.649654,
            45.276924,
            57.45433,
            56.859474
        ],
        [
            34.88553,
            23.086792,
            0.0,
            43.829212,
            27.784887,
            15.033297,
            53.037724,
            10.630146,
            46.615448,
            42.755116,
            54.91812
        ],
        [
            55.946404,
            21.400934,
            43.829212,
            0.0,
            50.606323,
            53.15073,
            17.029387,
            53.851646,
            59.22837,
            77.801025,
            59.64059
        ],
        [
            7.28011,
            32.01562,
            27.784887,
            50.606323,
            0.0,
            17.492855,
            65.551506,
            26.400757,
            19.104973,
            28.42534,
            81.608826
        ],
        [
            23.345236,
            31.827662,
            15.033297,
            53.15073,
            17.492855,
            0.0,
            65.0,
            9.219544,
            36.23534,
            27.89265,
            69.58448
        ],
        [
            71.470276,
            34.0,
            53.037724,
            17.029387,
            65.551506,
            65.0,
            0.0,
            63.63961,
            75.802376,
            91.416626,
            50.92151
        ],
        [
            32.526913,
            32.649654,
            10.630146,
            53.851646,
            26.400757,
            9.219544,
            63.63961,
            0.0,
            45.343136,
            34.0147,
            62.072536
        ],
        [
            13.038404,
            45.276924,
            46.615448,
            59.22837,
            19.104973,
            36.23534,
            75.802376,
            45.343136,
            0.0,
            35.22783,
            99.16148
        ],
        [
            26.400757,
            57.45433,
            42.755116,
            77.801025,
            28.42534,
            27.89265,
            91.416626,
            34.0147,
            35.22783,
            0.0,
            96.02083
        ],
        [
            88.88757,
            56.859474,
            54.91812,
            59.64059,
            81.608826,
            69.58448,
            50.92151,
            62.072536,
            99.16148,
            96.02083,
            0.0
        ]
    ]
}