{
    "patients": [
        {
            "id": "p1",
            "location": [
                74.0,
                15.0
            ],
            "time_window": [
                287.0,
                407.0
            ],
            "required_caregivers": [
                {
                    "service": "s5",
                    "duration": 10.0
                }
            ]
        },
        {
            "id": "p2",
            "location": [
                6.0,
                8.0
            ],
            "time_window": [
                172.0,
                292.0
            ],
            "required_caregivers": [
                {
                    "service": "s4",
                    "duration": 10.0
                }
            ]
        },
        {
            "id": "p3",
            "location": [
                54.0,
                6.0
            ],
            "time_window": [
                194.0,
                314.0
            ],
            "required_caregivers": [
                {
                    "service": "s2",
                    "duration": 10.0
                }
            ]
        },
        {
            "id": "p4",
            "location": [
                22.0,
                11.0
            ],
            "time_window": [
                464.0,
                584.0
            ],
            "required_caregivers": [
                {
                    "service": "s2",
                    "duration": 10.0
                }
            ]
        },
        {
            "id": "p5",
            "location": [
                31.0,
                2.0
            ],
            "time_window": [
                426.0,
                546.0
            ],
            "required_caregivers": [
                {
                    "service": "s0",
                    "duration": 10.0
                }
            ]
        },
        {
            "id": "p6",
            "location": [
                47.0,
                30.0
            ],
            "time_window": [
                5.0,
                125.0
            ],
            "required_caregivers": [
                {
                    "service": "s5",
                    "duration": 10.0
                }
            ]
        },
        {
            "id": "p7",
            "location": [
                28.0,
                47.0
            ],
            "time_window": [
                334.0,
                454.0
            ],
            "required_caregivers": [
                {
                    "service": "s4",
                    "duration": 10.0
                }
            ]
        },
        {
            "id": "p8",
            "location": [
                78.0,
                15.0
            ],
            "time_window": [
                131.0,
                251.0
            ],
            "required_caregivers": [
                {
                    "service": "s3",
                    "duration": 10.0
                },
                {
                    "service": "s5",
                    "duration": 10.0
                }
            ],
            "synchronization": {
                "type": "simultaneous"
            }
        },
        {
            "id": "p9",
            "location": [
                17.0,
                20.0
            ],
            "time_window": [
                122.0,
                242.0
            ],
            "required_caregivers": [
                {
                    "service": "s0",
                    "duration": 10.0
                },
                {
                    "service": "s4",
                    "duration": 10.0
                }
            ],
            "synchronization": {
                "type": "sequential",
                "distance": [
                    33,
                    66
                ]
            }
        },
        {
            "id": "p10",
            "location": [
                0.0,
                0.0
            ],
            "time_window": [
                201.0,
                321.0
            ],
            "required_caregivers": [
                {
                    "service": "s0",
                    "duration": 10.0
                },
                {
                    "service": "s5",
                    "duration": 10.0
                }
            ],
            "synchronization": {
                "type": "sequential",
                "distance": [
                    14,
                    28
                ]
            }
        }
    ],
    "services": [
        {
            "id": "s0",
            "default_duration": 10.0
        },
        {
            "id": "s1",
            "default_duration": 30.0
        },
        {
            "id": "s2",
            "default_duration": 10.0
        },
        {
            "id": "s3",
            "default_duration": 10.0
        },
        {
            "id": "s4",
            "default_duration": 10.0
        },
        {
            "id": "s5",
            "default_duration": 10.0
        }
    ],
    "caregivers": [
        {
            "id": "c0",
            "abilities": [
                "s0",
                "s2"
            ]
        },
        {
            "id": "c1",
            "abilities": [
                "s3",
                "s4",
                "s5"
            ]
        },
        {
            "id": "c2",
            "abilities": [
                "s3",
                "s5"
            ]
        }
    ],
    "central_offices": [
        {
            "id": "d",
            "location": [
                87.0,
                8.0
            ]
        }
    ],
    "distances": [
        [
            0.0,
            14.764823,
            81.0,
            33.06055,
            65.06919,
            56.32051,
            45.65085,
            70.724815,
            11.401754,
            71.021126,
            87.36704
        ],
        [
            14.764823,
            0.0,
            68.359344,
            21.931713,
            52.153618,
            44.922153,
            30.88689,
            56.0357,
            4.0,
            57.21888,
            75.50497
        ],
        [
            81.0,
            68.359344,
            0.0,
            48.04165,
            16.27882,
            25.70992,
            46.52956,
            44.777225,
            72.33948,
            16.27882,
            10.0
        ],
        [
            33.06055,
            21.931713,
            48.04165,
            0.0,
            32.38827,
            23.345236,
            25.0,
            48.548943,
            25.632011,
            39.56008,
            54.33231
        ],
        [
            65.06919,
            52.153618,
            16.27882,
            32.38827,
            0.0,
            12.727922,
            31.400637,
            36.496574,
            56.142673,
            10.29563,
            24.596748
        ],
        [
            56.32051,
            44.922153,
            25.70992,
            23.345236,
            12.727922,
            0.0,
            32.24903,
            45.099888,
            48.76474,
            22.803509,
            31.06445
        ],
        [
            45.65085,
            30.88689,
            46.52956,
            25.0,
            31.400637,
            32.24903,
            0.0,
            25.495098,
            34.43835,
            31.622776,
            55.758408
        ],
        [
            70.724815,
            56.0357,
            44.777225,
            48.548943,
            36.496574,
            45.099888,
            25.495098,
            0.0,
            59.36329,
            29.15476,
            54.708317
        ],
        [
            11.401754,
            4.0,
            72.33948,
            25.632011,
            56.142673,
            48.76474,
            34.43835,
            59.36329,
            0.0,
            61.204575,
            79.429214
        ],
        [
            71.021126,
            57.21888,
            16.27882,
            39.56008,
            10.29563,
            22.803509,
            31.622776,
            29.15476,
            61.204575,
            0.0,
            26.24881
        ],
        [
            87.36704,
            75.50497,
            10.0,
            54.33231,
            24.596748,
            31.06445,
            55.758408,
            54.708317,
            79.429214,
            26.24881,
            0.0
        ]
    ]
}