{
    "patients": [
        {
            "id": "p1",
            "location": [
                30.0,
                1.0
            ],
            "time_window": [
                124.0,
                244.0
            ],
            "required_caregivers": [
                {
                    "service": "s4",
                    "duration": 13.0
                }
            ]
        },
        {
            "id": "p2",
            "location": [
                72.0,
                18.0
            ],
            "time_window": [
                316.0,
                436.0
            ],
            "required_caregivers": [
                {
                    "service": "s4",
                    "duration": 13.0
                }
            ]
        },
        {
            "id": "p3",
            "location": [
                31.0,
                10.0
            ],
            "time_window": [
                370.0,
                490.0
            ],
            "required_caregivers": [
                {
                    "service": "s4",
                    "duration": 13.0
                }
            ]
        },
        {
            "id": "p4",
            "location": [
                53.0,
                29.0
            ],
            "time_window": [
                301.0,
                421.0
            ],
            "required_caregivers": [
                {
                    "service": "s1",
                    "duration": 13.0
                }
            ]
        },
        {
            "id": "p5",
            "location": [
                54.0,
                47.0
            ],
            "time_window": [
                372.0,
                492.0
            ],
            "required_caregivers": [
                {
                    "service": "s0",
                    "duration": 13.0
                }
            ]
        },
        {
            "id": "p6",
            "location": [
                82.0,
                15.0
            ],
            "time_window": [
                278.0,
                398.0
            ],
            "required_caregivers": [
                {
                    "service": "s2",
                    "duration": 13.0
                }
            ]
        },
        {
            "id": "p7",
            "location": [
                28.0,
                15.0
            ],
            "time_window": [
                51.0,
                171.0
            ],
            "required_caregivers": [
                {
                    "service": "s3",
                    "duration": 13.0
                }
            ]
        },
        {
            "id": "p8",
            "location": [
                2.0,
                49.0
            ],
            "time_window": [
                11.0,
                131.0
            ],
            "required_caregivers": [
                {
                    "service": "s4",
                    "duration": 13.0
                },
                {
                    "service": "s5",
                    "duration": 13.0
                }
            ],
            "synchronization": {
                "type": "simultaneous"
            }
        },
        {
            "id": "p9",
            "location": [
                83.0,
                9.0
            ],
            "time_window": [
                413.0,
                533.0
            ],
            "required_caregivers": [
                {
                    "service": "s0",
                    "duration": 13.0
                },
                {
                    "service": "s3",
                    "duration": 13.0
                }
            ],
            "synchronization": {
                "type": "sequential",
                "distance": [
                    48,
                    96
                ]
            }
        },
        {
            "id": "p10",
            "location": [
                0.0,
                0.0
            ],
            "time_window": [
                0.0,
                120.0
            ],
            "required_caregivers": [
                {
                    "service": "s1",
                    "duration": 13.0
                },
                {
                    "service": "s3",
                    "duration": 13.0
                }
            ],
            "synchronization": {
                "type": "sequential",
                "distance": [
                    33,
                    66
                ]
            }
        }
    ],
    "services": [
        {
            "id": "s0",
            "default_duration": 13.0
        },
        {
            "id": "s1",
            "default_duration": 13.0
        },
        {
            "id": "s2",
            "default_duration": 13.0
        },
        {
            "id": "s3",
            "default_duration": 13.0
        },
        {
            "id": "s4",
            "default_duration": 13.0
        },
        {
            "id": "s5",
            "default_duration": 13.0
        }
    ],
    "caregivers": [
        {
            "id": "c0",
            "abilities": [
                "s0",
                "s1",
                "s2"
            ]
        },
        {
            "id": "c1",
            "abilities": [
                "s5"
            ]
        },
        {
            "id": "c2",
            "abilities": [
                "s3",
                "s4",
                "s5"
            ]
        }
    ],
    "central_offices": [
        {
            "id": "d",
            "location": [
                64.0,
                8.0
            ]
        }
    ],
    "distances": [
        [
            0.0,
            34.713108,
            12.806249,
            33.06055,
            23.70654,
            40.261642,
            19.313208,
            36.67424,
            74.330345,
            19.026299,
            64.49806
        ],
        [
            34.713108,
            0.0,
            45.310043,
            9.055386,
            36.23534,
            51.884487,
            53.851646,
            14.142136,
            55.569775,
            53.600372,
            30.016663
        ],
        [
            12.806249,
            45.310043,
            0.0,
            41.773197,
            21.954498,
            34.132095,
            10.440307,
            44.102154,
            76.55717,
            14.21267,
            74.215904
        ],
        [
            33.06055,
            9.055386,
            41.773197,
            0.0,
            29.068884,
            43.56604,
            51.24451,
            5.8309517,
            48.60041,
            52.009613,
            32.572994
        ],
        [
            23.70654,
            36.23534,
            21.954498,
            29.068884,
            0.0,
            18.027756,
            32.202484,
            28.653097,
            54.781384,
            36.05551,
            60.41523
        ],
        [
            40.261642,
            51.884487,
            34.132095,
            43.56604,
            18.027756,
            0.0,
            42.520584,
            41.231056,
            52.03845,
            47.801674,
            71.5891
        ],
        [
            19.313208,
            53.851646,
            10.440307,
            51.24451,
            32.202484,
            42.520584,
            0.0,
            54.0,
            86.925255,
            6.0827627,
            83.360664
        ],
        [
            36.67424,
            14.142136,
            44.102154,
            5.8309517,
            28.653097,
            41.231056,
            54.0,
            0.0,
            42.80187,
            55.326305,
            31.764761
        ],
        [
            74.330345,
            55.569775,
            76.55717,
            48.60041,
            54.781384,
            52.03845,
            86.925255,
            42.80187,
            0.0,
            90.33826,
            49.0408
        ],
        [
            19.026299,
            53.600372,
            14.21267,
            52.009613,
            36.05551,
            47.801674,
            6.0827627,
            55.326305,
            90.33826,
            0.0,
            83.48653
        ],
        [
            64.49806,
            30.016663,
            74.215904,
            32.572994,
            60.41523,
            71.5891,
            83.360664,
            31.764761,
            49.0408,
            83.48653,
            0.0
        ]
    ]
}