{
    "patients": [
        {
            "id": "p1",
            "location": [
                3.0,
                19.0
            ],
            "time_window": [
                182.0,
                302.0
            ],
            "required_caregivers": [
                {
                    "service": "s3",
                    "duration": 17.0
                }
            ]
        },
        {
            "id": "p2",
            "location": [
                67.0,
                22.0
            ],
            "time_window": [
                412.0,
                532.0
            ],
            "required_caregivers": [
                {
                    "service": "s5",
                    "duration": 17.0
                }
            ]
        },
        {
            "id": "p3",
            "location": [
                11.0,
                3.0
            ],
            "time_window": [
                423.0,
                543.0
            ],
            "required_caregivers": [
                {
                    "service": "s4",
                    "duration": 17.0
                }
            ]
        },
        {
            "id": "p4",
            "location": [
                62.0,
                39.0
            ],
            "time_window": [
                358.0,
                478.0
            ],
            "required_caregivers": [
                {
                    "service": "s5",
                    "duration": 17.0
                }
            ]
        },
        {
            "id": "p5",
            "location": [
                92.0,
                3.0
            ],
            "time_window": [
                327.0,
                447.0
            ],
            "required_caregivers": [
                {
                    "service": "s4",
                    "duration": 17.0
                }
            ]
        },
        {
            "id": "p6",
            "location": [
                52.0,
                33.0
            ],
            "time_window": [
                105.0,
                225.0
            ],
            "required_caregivers": [
                {
                    "service": "s4",
                    "duration": 17.0
                }
            ]
        },
        {
            "id": "p7",
            "location": [
                62.0,
                23.0
            ],
            "time_window": [
                151.0,
                271.0
            ],
            "required_caregivers": [
                {
                    "service": "s2",
                    "duration": 17.0
                }
            ]
        },
        {
            "id": "p8",
            "location": [
                69.0,
                19.0
            ],
            "time_window": [
                406.0,
                526.0
            ],
            "required_caregivers": [
                {
                    "service": "s4",
                    "duration": 17.0
                },
                {
                    "service": "s5",
                    "duration": 17.0
                }
            ],
            "synchronization": {
                "type": "simultaneous"
            }
        },
        {
            "id": "p9",
            "location": [
                62.0,
                41.0
            ],
            "time_window": [
                462.0,
                582.0
            ],
            "required_caregivers": [
                {
                    "service": "s2",
                    "duration": 17.0
                },
                {
                    "service": "s6",
                    "duration": 17.0
                }
            ],
            "synchronization": {
                "type": "sequential",
                "distance": [
                    8,
                    16
                ]
            }
        },
        {
            "id": "p10",
            "location": [
                0.0,
                0.0
            ],
            "time_window": [
                427.0,
                547.0
            ],
            "required_caregivers": [
                {
                    "service": "s3",
                    "duration": 17.0
                },
                {
                    "service": "s6",
                    "duration": 17.0
                }
            ],
            "synchronization": {
                "type": "sequential",
                "distance": [
                    27,
                    54
                ]
            }
        }
    ],
    "services": [
        {
            "id": "s1",
            "default_duration": 30.0
        },
        {
            "id": "s2",
            "default_duration": 17.0
        },
        {
            "id": "s3",
            "default_duration": 17.0
        },
        {
            "id": "s4",
            "default_duration": 17.0
        },
        {
            "id": "s5",
            "default_duration": 17.0
        },
        {
            "id": "s6",
            "default_duration": 17.0
        }
    ],
    "caregivers": [
        {
            "id": "c1",
            "abilities": [
                "s1",
                "s2",
                "s3"
            ]
        },
        {
            "id": "c2",
            "abilities": [
                "s4"
            ]
        },
        {
            "id": "c3",
            "abilities": [
                "s4",
                "s5",
                "s6"
            ]
        }
    ],
    "central_offices": [
        {
            "id": "d",
            "location": [
                62.0,
                25.0
            ]
        }
    ],
    "distances": [
        [
            0.0,
            59.3043,
            5.8309517,
            55.542778,
            14.0,
            37.202152,
            12.806249,
            2.0,
            9.219544,
            16.0,
            66.85058
        ],
        [
            59.3043,
            0.0,
            64.070274,
            17.888544,
            62.297672,
            90.426765,
            50.96077,
            59.135437,
            66.0,
            62.968246,
            19.235384
        ],
        [
            5.8309517,
            64.070274,
            0.0,
            59.135437,
            17.720045,
            31.400637,
            18.601076,
            5.0990195,
            3.6055512,
            19.646883,
            70.5195
        ],
        [
            55.542778,
            17.888544,
            59.135437,
            0.0,
            62.425957,
            81.0,
            50.803543,
            54.781384,
            60.166435,
            63.600315,
            11.401754
        ],
        [
            14.0,
            62.297672,
            17.720045,
            62.425957,
            0.0,
            46.8615,
            11.661903,
            16.0,
            21.189621,
            2.0,
            73.24616
        ],
        [
            37.202152,
            90.426765,
            31.400637,
            81.0,
            46.8615,
            0.0,
            50.0,
            36.05551,
            28.01785,
            48.414875,
            92.0489
        ],
        [
            12.806249,
            50.96077,
            18.601076,
            50.803543,
            11.661903,
            50.0,
            0.0,
            14.142136,
            22.022715,
            12.806249,
            61.587337
        ],
        [
            2.0,
            59.135437,
            5.0990195,
            54.781384,
            16.0,
            36.05551,
            14.142136,
            0.0,
            8.062258,
            18.0,
            66.12866
        ],
        [
            9.219544,
            66.0,
            3.6055512,
            60.166435,
            21.189621,
            28.01785,
            22.022715,
            8.062258,
            0.0,
            23.086792,
            71.568146
        ],
        [
            16.0,
            62.968246,
            19.646883,
            63.600315,
            2.0,
            48.414875,
            12.806249,
            18.0,
            23.086792,
            0.0,
            74.330345
        ],
        [
            66.85058,
            19.235384,
            70.5195,
            11.401754,
            73.24616,
            92.0489,
            61.587337,
            66.12866,
            71.568146,
            74.330345,
            0.0
        ]
    ]
}