{
    "patients": [
        {
            "id": "p1",
            "location": [
                10.0,
                42.0
            ],
            "time_window": [
                134.0,
                254.0
            ],
            "required_caregivers": [
                {
                    "service": "s3",
                    "duration": 16.0
                }
            ]
        },
        {
            "id": "p2",
            "location": [
                28.0,
                35.0
            ],
            "time_window": [
                140.0,
                260.0
            ],
            "required_caregivers": [
                {
                    "service": "s3",
                    "duration": 16.0
                }
            ]
        },
        {
            "id": "p3",
            "location": [
                49.0,
                45.0
            ],
            "time_window": [
                450.0,
                570.0
            ],
            "required_caregivers": [
                {
                    "service": "s1",
                    "duration": 16.0
                }
            ]
        },
        {
            "id": "p4",
            "location": [
                59.0,
                28.0
            ],
            "time_window": [
                181.0,
                301.0
            ],
            "required_caregivers": [
                {
                    "service": "s2",
                    "duration": 16.0
                }
            ]
        },
        {
            "id": "p5",
            "location": [
                85.0,
                13.0
            ],
            "time_window": [
                408.0,
                528.0
            ],
            "required_caregivers": [
                {
                    "service": "s1",
                    "duration": 16.0
                }
            ]
        },
        {
            "id": "p6",
            "location": [
                77.0,
                7.0
            ],
            "time_window": [
                162.0,
                282.0
            ],
            "required_caregivers": [
                {
                    "service": "s1",
                    "duration": 16.0
                }
            ]
        },
        {
            "id": "p7",
            "location": [
                81.0,
                9.0
            ],
            "time_window": [
                69.0,
                189.0
            ],
            "required_caregivers": [
                {
                    "service": "s4",
                    "duration": 16.0
                }
            ]
        },
        {
            "id": "p8",
            "location": [
                76.0,
                46.0
            ],
            "time_window": [
                244.0,
                364.0
            ],
            "required_caregivers": [
                {
                    "service": "s4",
                    "duration": 16.0
                },
                {
                    "service": "s5",
                    "duration": 16.0
                }
            ],
            "synchronization": {
                "type": "simultaneous"
            }
        },
        {
            "id": "p9",
            "location": [
                86.0,
                43.0
            ],
            "time_window": [
                19.0,
                139.0
            ],
            "required_caregivers": [
                {
                    "service": "s2",
                    "duration": 16.0
                },
                {
                    "service": "s6",
                    "duration": 16.0
                }
            ],
            "synchronization": {
                "type": "sequential",
                "distance": [
                    2,
                    4
                ]
            }
        },
        {
            "id": "p10",
            "location": [
                0.0,
                0.0
            ],
            "time_window": [
                121.0,
                241.0
            ],
            "required_caregivers": [
                {
                    "service": "s2",
                    "duration": 16.0
                },
                {
                    "service": "s4",
                    "duration": 16.0
                }
            ],
            "synchronization": {
                "type": "sequential",
                "distance": [
                    35,
                    70
                ]
            }
        }
    ],
    "services": [
        {
            "id": "s1",
            "default_duration": 16.0
        },
        {
            "id": "s2",
            "default_duration": 16.0
        },
        {
            "id": "s3",
            "default_duration": 16.0
        },
        {
            "id": "s4",
            "default_duration": 16.0
        },
        {
            "id": "s5",
            "default_duration": 16.0
        },
        {
            "id": "s6",
            "default_duration": 16.0
        }
    ],
    "caregivers": [
        {
            "id": "c1",
            "abilities": [
                "s1",
                "s2",
                "s3"
            ]
        },
        {
            "id": "c2",
            "abilities": [
                "s4",
                "s5",
                "s6"
            ]
        },
        {
            "id": "c3",
            "abilities": [
                "s4",
                "s5"
            ]
        }
    ],
    "central_offices": [
        {
            "id": "d",
            "location": [
                34.0,
                11.0
            ]
        }
    ],
    "distances": [
        [
            0.0,
            39.20459,
            24.738634,
            37.161808,
            30.232433,
            51.0392,
            43.185646,
            47.042534,
            54.67175,
            61.05735,
            35.735138
        ],
        [
            39.20459,
            0.0,
            19.313208,
            39.115215,
            50.96077,
            80.411446,
            75.591,
            78.29432,
            66.1211,
            76.00658,
            43.174065
        ],
        [
            24.738634,
            19.313208,
            0.0,
            23.259407,
            31.780497,
            61.09828,
            56.435802,
            59.03389,
            49.24429,
            58.549126,
            44.82187
        ],
        [
            37.161808,
            39.115215,
            23.259407,
            0.0,
            19.723083,
            48.166378,
            47.201694,
            48.166378,
            27.018513,
            37.054016,
            66.52819
        ],
        [
            30.232433,
            50.96077,
            31.780497,
            19.723083,
            0.0,
            30.016663,
            27.658634,
            29.068884,
            24.758837,
            30.88689,
            65.30697
        ],
        [
            51.0392,
            80.411446,
            61.09828,
            48.166378,
            30.016663,
            0.0,
            10.0,
            5.656854,
            34.20526,
            30.016663,
            85.98837
        ],
        [
            43.185646,
            75.591,
            56.435802,
            47.201694,
            27.658634,
            10.0,
            0.0,
            4.472136,
            39.012817,
            37.107952,
            77.31753
        ],
        [
            47.042534,
            78.29432,
            59.03389,
            48.166378,
            29.068884,
            5.656854,
            4.472136,
            0.0,
            37.336308,
            34.36568,
            81.49847
        ],
        [
            54.67175,
            66.1211,
            49.24429,
            27.018513,
            24.758837,
            34.20526,
            39.012817,
            37.336308,
            0.0,
            10.440307,
            88.83693
        ],
        [
            61.05735,
            76.00658,
            58.549126,
            37.054016,
            30.88689,
            30.016663,
            37.107952,
            34.36568,
            10.440307,
            0.0,
            96.150925
        ],
        [
            35.735138,
            43.174065,
            44.82187,
            66.52819,
            65.30697,
            85.98837,
            77.31753,
            81.49847,
            88.83693,
            96.150925,
            0.0
        ]
    ]
}