{
    "patients": [
        {
            "id": "p1",
            "location": [
                48.0,
                46.0
            ],
            "time_window": [
                229.0,
                349.0
            ],
            "required_caregivers": [
                {
                    "service": "s1",
                    "duration": 17.0
                }
            ]
        },
        {
            "id": "p2",
            "location": [
                59.0,
                6.0
            ],
            "time_window": [
                76.0,
                196.0
            ],
            "required_caregivers": [
                {
                    "service": "s4",
                    "duration": 17.0
                }
            ]
        },
        {
            "id": "p3",
            "location": [
                73.0,
                12.0
            ],
            "time_window": [
                268.0,
                388.0
            ],
            "required_caregivers": [
                {
                    "service": "s4",
                    "duration": 17.0
                }
            ]
        },
        {
            "id": "p4",
            "location": [
                13.0,
                1.0
            ],
            "time_window": [
                55.0,
                175.0
            ],
            "required_caregivers": [
                {
                    "service": "s1",
                    "duration": 17.0
                }
            ]
        },
        {
            "id": "p5",
            "location": [
                46.0,
                44.0
            ],
            "time_window": [
                119.0,
                239.0
            ],
            "required_caregivers": [
                {
                    "service": "s5",
                    "duration": 17.0
                }
            ]
        },
        {
            "id": "p6",
            "location": [
                26.0,
                12.0
            ],
            "time_window": [
                177.0,
                297.0
            ],
            "required_caregivers": [
                {
                    "service": "s3",
                    "duration": 17.0
                }
            ]
        },
        {
            "id": "p7",
            "location": [
                95.0,
                38.0
            ],
            "time_window": [
                233.0,
                353.0
            ],
            "required_caregivers": [
                {
                    "service": "s5",
                    "duration": 17.0
                }
            ]
        },
        {
            "id": "p8",
            "location": [
                11.0,
                43.0
            ],
            "time_window": [
                216.0,
                336.0
            ],
            "required_caregivers": [
                {
                    "service": "s3",
                    "duration": 17.0
                },
                {
                    "service": "s4",
                    "duration": 17.0
                }
            ],
            "synchronization": {
                "type": "simultaneous"
            }
        },
        {
            "id": "p9",
            "location": [
                39.0,
                37.0
            ],
            "time_window": [
                73.0,
                193.0
            ],
            "required_caregivers": [
                {
                    "service": "s1",
                    "duration": 17.0
                },
                {
                    "service": "s5",
                    "duration": 17.0
                }
            ],
            "synchronization": {
                "type": "sequential",
                "distance": [
                    12,
                    24
                ]
            }
        },
        {
            "id": "p10",
            "location": [
                0.0,
                0.0
            ],
            "time_window": [
                253.0,
                373.0
            ],
            "required_caregivers": [
                {
                    "service": "s1",
                    "duration": 17.0
                },
                {
                    "service": "s4",
                    "duration": 17.0
                }
            ],
            "synchronization": {
                "type": "sequential",
                "distance": [
                    19,
                    38
                ]
            }
        }
    ],
    "services": [
        {
            "id": "s0",
            "default_duration": 30.0
        },
        {
            "id": "s1",
            "default_duration": 17.0
        },
        {
            "id": "s2",
            "default_duration": 30.0
        },
        {
            "id": "s3",
            "default_duration": 17.0
        },
        {
            "id": "s4",
            "default_duration": 17.0
        },
        {
            "id": "s5",
            "default_duration": 17.0
        }
    ],
    "caregivers": [
        {
            "id": "c0",
            "abilities": [
                "s0",
                "s1",
                "s2"
            ]
        },
        {
            "id": "c1",
            "abilities": [
                "s3",
                "s4",
                "s5"
            ]
        },
        {
            "id": "c2",
            "abilities": [
                "s3",
                "s4",
                "s5"
            ]
        }
    ],
    "central_offices": [
        {
            "id": "d",
            "location": [
                89.0,
                41.0
            ]
        }
    ],
    "distances": [
        [
            0.0,
            41.303753,
            46.09772,
            33.12099,
            85.883644,
            43.104523,
            69.354164,
            6.708204,
            78.025635,
            50.159744,
            97.98979
        ],
        [
            41.303753,
            0.0,
            41.484936,
            42.201897,
            57.00877,
            2.828427,
            40.496914,
            47.67599,
            37.12142,
            12.727922,
            66.48308
        ],
        [
            46.09772,
            41.484936,
            0.0,
            15.231546,
            46.270943,
            40.16217,
            33.54102,
            48.166378,
            60.60528,
            36.891735,
            59.3043
        ],
        [
            33.12099,
            42.201897,
            15.231546,
            0.0,
            61.0,
            41.868843,
            47.0,
            34.058773,
            69.31811,
            42.201897,
            73.97973
        ],
        [
            85.883644,
            57.00877,
            46.270943,
            61.0,
            0.0,
            54.20332,
            17.029387,
            89.961105,
            42.047592,
            44.407207,
            13.038404
        ],
        [
            43.104523,
            2.828427,
            40.16217,
            41.868843,
            54.20332,
            0.0,
            37.735924,
            49.365982,
            35.014282,
            9.899495,
            63.655323
        ],
        [
            69.354164,
            40.496914,
            33.54102,
            47.0,
            17.029387,
            37.735924,
            0.0,
            73.736015,
            34.43835,
            28.178005,
            28.635643
        ],
        [
            6.708204,
            47.67599,
            48.166378,
            34.058773,
            89.961105,
            49.365982,
            73.736015,
            0.0,
            84.14868,
            56.008926,
            102.31813
        ],
        [
            78.025635,
            37.12142,
            60.60528,
            69.31811,
            42.047592,
            35.014282,
            34.43835,
            84.14868,
            0.0,
            28.635643,
            44.38468
        ],
        [
            50.159744,
            12.727922,
            36.891735,
            42.201897,
            44.407207,
            9.899495,
            28.178005,
            56.008926,
            28.635643,
            0.0,
            53.75872
        ],
        [
            97.98979,
            66.48308,
            59.3043,
            73.97973,
            13.038404,
            63.655323,
            28.635643,
            102.31813,
            44.38468,
            53.75872,
            0.0
        ]
    ]
}