{
    "patients": [
        {
            "id": "p1",
            "location": [
                10.0,
                21.0
            ],
            "time_window": [
                134.0,
                254.0
            ],
            "required_caregivers": [
                {
                    "service": "s3",
                    "duration": 16.0
                }
            ]
        },
        {
            "id": "p2",
            "location": [
                28.0,
                7.0
            ],
            "time_window": [
                140.0,
                260.0
            ],
            "required_caregivers": [
                {
                    "service": "s3",
                    "duration": 16.0
                }
            ]
        },
        {
            "id": "p3",
            "location": [
                49.0,
                39.0
            ],
            "time_window": [
                450.0,
                570.0
            ],
            "required_caregivers": [
                {
                    "service": "s1",
                    "duration": 16.0
                }
            ]
        },
        {
            "id": "p4",
            "location": [
                59.0,
                29.0
            ],
            "time_window": [
                181.0,
                301.0
            ],
            "required_caregivers": [
                {
                    "service": "s2",
                    "duration": 16.0
                }
            ]
        },
        {
            "id": "p5",
            "location": [
                85.0,
                38.0
            ],
            "time_window": [
                408.0,
                528.0
            ],
            "required_caregivers": [
                {
                    "service": "s1",
                    "duration": 16.0
                }
            ]
        },
        {
            "id": "p6",
            "location": [
                77.0,
                7.0
            ],
            "time_window": [
                162.0,
                282.0
            ],
            "required_caregivers": [
                {
                    "service": "s1",
                    "duration": 16.0
                }
            ]
        },
        {
            "id": "p7",
            "location": [
                81.0,
                46.0
            ],
            "time_window": [
                69.0,
                189.0
            ],
            "required_caregivers": [
                {
                    "service": "s4",
                    "duration": 16.0
                }
            ]
        },
        {
            "id": "p8",
            "location": [
                76.0,
                30.0
            ],
            "time_window": [
                244.0,
                364.0
            ],
            "required_caregivers": [
                {
                    "service": "s5",
                    "duration": 16.0
                }
            ]
        },
        {
            "id": "p9",
            "location": [
                86.0,
                10.0
            ],
            "time_window": [
                19.0,
                139.0
            ],
            "required_caregivers": [
                {
                    "service": "s2",
                    "duration": 16.0
                }
            ]
        },
        {
            "id": "p10",
            "location": [
                11.0,
                26.0
            ],
            "time_window": [
                121.0,
                241.0
            ],
            "required_caregivers": [
                {
                    "service": "s2",
                    "duration": 16.0
                }
            ]
        },
        {
            "id": "p11",
            "location": [
                85.0,
                25.0
            ],
            "time_window": [
                465.0,
                585.0
            ],
            "required_caregivers": [
                {
                    "service": "s4",
                    "duration": 16.0
                }
            ]
        },
        {
            "id": "p12",
            "location": [
                78.0,
                25.0
            ],
            "time_window": [
                322.0,
                442.0
            ],
            "required_caregivers": [
                {
                    "service": "s5",
                    "duration": 16.0
                }
            ]
        },
        {
            "id": "p13",
            "location": [
                57.0,
                36.0
            ],
            "time_window": [
                197.0,
                317.0
            ],
            "required_caregivers": [
                {
                    "service": "s6",
                    "duration": 16.0
                }
            ]
        },
        {
            "id": "p14",
            "location": [
                46.0,
                21.0
            ],
            "time_window": [
                334.0,
                454.0
            ],
            "required_caregivers": [
                {
                    "service": "s5",
                    "duration": 16.0
                }
            ]
        },
        {
            "id": "p15",
            "location": [
                38.0,
                37.0
            ],
            "time_window": [
                21.0,
                141.0
            ],
            "required_caregivers": [
                {
                    "service": "s4",
                    "duration": 16.0
                }
            ]
        },
        {
            "id": "p16",
            "location": [
                22.0,
                45.0
            ],
            "time_window": [
                166.0,
                286.0
            ],
            "required_caregivers": [
                {
                    "service": "s5",
                    "duration": 16.0
                }
            ]
        },
        {
            "id": "p17",
            "location": [
                92.0,
                22.0
            ],
            "time_window": [
                336.0,
                456.0
            ],
            "required_caregivers": [
                {
                    "service": "s1",
                    "duration": 16.0
                }
            ]
        },
        {
            "id": "p18",
            "location": [
                61.0,
                0.0
            ],
            "time_window": [
                297.0,
                417.0
            ],
            "required_caregivers": [
                {
                    "service": "s4",
                    "duration": 16.0
                },
                {
                    "service": "s5",
                    "duration": 16.0
                }
            ],
            "synchronization": {
                "type": "simultaneous"
            }
        },
        {
            "id": "p19",
            "location": [
                53.0,
                9.0
            ],
            "time_window": [
                286.0,
                406.0
            ],
            "required_caregivers": [
                {
                    "service": "s4",
                    "duration": 16.0
                },
                {
                    "service": "s5",
                    "duration": 16.0
                }
            ],
            "synchronization": {
                "type": "simultaneous"
            }
        },
        {
            "id": "p20",
            "location": [
                57.0,
                15.0
            ],
            "time_window": [
                19.0,
                139.0
            ],
            "required_caregivers": [
                {
                    "service": "s5",
                    "duration": 16.0
                },
                {
                    "service": "s6",
                    "duration": 16.0
                }
            ],
            "synchronization": {
                "type": "simultaneous"
            }
        },
        {
            "id": "p21",
            "location": [
                32.0,
                30.0
            ],
            "time_window": [
                271.0,
                391.0
            ],
            "required_caregivers": [
                {
                    "service": "s5",
                    "duration": 16.0
                },
                {
                    "service": "s6",
                    "duration": 16.0
                }
            ],
            "synchronization": {
                "type": "simultaneous"
            }
        },
        {
            "id": "p22",
            "location": [
                70.0,
                46.0
            ],
            "time_window": [
                132.0,
                252.0
            ],
            "required_caregivers": [
                {
                    "service": "s3",
                    "duration": 16.0
                },
                {
                    "service": "s6",
                    "duration": 16.0
                }
            ],
            "synchronization": {
                "type": "sequential",
                "distance": [
                    19,
                    38
                ]
            }
        },
        {
            "id": "p23",
            "location": [
                28.0,
                45.0
            ],
            "time_window": [
                25.0,
                145.0
            ],
            "required_caregivers": [
                {
                    "service": "s3",
                    "duration": 16.0
                },
                {
                    "service": "s6",
                    "duration": 16.0
                }
            ],
            "synchronization": {
                "type": "sequential",
                "distance": [
                    6,
                    12
                ]
            }
        },
        {
            "id": "p24",
            "location": [
                24.0,
                30.0
            ],
            "time_window": [
                155.0,
                275.0
            ],
            "required_caregivers": [
                {
                    "service": "s3",
                    "duration": 16.0
                },
                {
                    "service": "s4",
                    "duration": 16.0
                }
            ],
            "synchronization": {
                "type": "sequential",
                "distance": [
                    59,
                    118
                ]
            }
        },
        {
            "id": "p25",
            "location": [
                0.0,
                0.0
            ],
            "time_window": [
                358.0,
                478.0
            ],
            "required_caregivers": [
                {
                    "service": "s1",
                    "duration": 16.0
                },
                {
                    "service": "s6",
                    "duration": 16.0
                }
            ],
            "synchronization": {
                "type": "sequential",
                "distance": [
                    43,
                    86
                ]
            }
        }
    ],
    "services": [
        {
            "id": "s1",
            "default_duration": 16.0
        },
        {
            "id": "s2",
            "default_duration": 16.0
        },
        {
            "id": "s3",
            "default_duration": 16.0
        },
        {
            "id": "s4",
            "default_duration": 16.0
        },
        {
            "id": "s5",
            "default_duration": 16.0
        },
        {
            "id": "s6",
            "default_duration": 16.0
        }
    ],
    "caregivers": [
        {
            "id": "c1",
            "abilities": [
                "s1"
            ]
        },
        {
            "id": "c2",
            "abilities": [
                "s1",
                "s2",
                "s3"
            ]
        },
        {
            "id": "c3",
            "abilities": [
                "s4",
                "s5",
                "s6"
            ]
        },
        {
            "id": "c4",
            "abilities": [
                "s4",
                "s5",
                "s6"
            ]
        },
        {
            "id": "c5",
            "abilities": [
                "s5",
                "s6"
            ]
        }
    ],
    "central_offices": [
        {
            "id": "d",
            "location": [
                34.0,
                39.0
            ]
        }
    ],
    "distances": [
        [
            0.0,
            30.0,
            32.55764,
            15.0,
            26.925823,
            51.009804,
            53.600372,
            47.518417,
            42.953465,
            59.5399,
            26.41969,
            52.886673,
            46.173584,
            23.194826,
            21.633308,
            4.472136,
            13.416408,
            60.440052,
            47.434166,
            35.510563,
            33.24154,
            9.219544,
            36.67424,
            8.485281,
            13.453624,
            51.739735
        ],
        [
            30.0,
            0.0,
            22.803509,
            42.953465,
            49.648766,
            76.902534,
            68.44706,
            75.272835,
            66.61081,
            76.79192,
            5.0990195,
            75.10659,
            68.117546,
            49.335587,
            36.0,
            32.24903,
            26.832815,
            82.006096,
            55.154327,
            44.64303,
            47.38143,
            23.769728,
            65.0,
            30.0,
            16.643316,
            23.259407
        ],
        [
            32.55764,
            22.803509,
            0.0,
            38.27532,
            38.013157,
            64.884514,
            49.0,
            65.802734,
            53.225933,
            58.077534,
            25.495098,
            59.77458,
            53.14132,
            41.01219,
            22.803509,
            31.622776,
            38.470768,
            65.734314,
            33.734257,
            25.079872,
            30.083218,
            23.345236,
            57.31492,
            38.0,
            23.345236,
            28.86174
        ],
        [
            15.0,
            42.953465,
            38.27532,
            0.0,
            14.142136,
            36.013885,
            42.520584,
            32.75668,
            28.460499,
            47.010635,
            40.16217,
            38.626415,
            32.202484,
            8.5440035,
            18.248287,
            11.18034,
            27.658634,
            46.238514,
            40.804413,
            30.265491,
            25.298222,
            19.235384,
            22.135944,
            21.84033,
            26.57066,
            62.625874
        ],
        [
            26.925823,
            49.648766,
            38.013157,
            14.142136,
            0.0,
            27.513634,
            28.42534,
            27.802877,
            17.029387,
            33.01515,
            48.09366,
            26.305893,
            19.416489,
            7.28011,
            15.264338,
            22.472204,
            40.311287,
            33.734257,
            29.068884,
            20.880613,
            14.142136,
            27.018513,
            20.248457,
            34.88553,
            35.014282,
            65.74192
        ],
        [
            51.009804,
            76.902534,
            64.884514,
            36.013885,
            27.513634,
            0.0,
            32.01562,
            8.944272,
            12.0415945,
            28.01785,
            74.96666,
            13.0,
            14.764823,
            28.071337,
            42.544094,
            47.010635,
            63.387695,
            17.464249,
            44.94441,
            43.185646,
            36.23534,
            53.600372,
            17.0,
            57.428215,
            61.522354,
            93.10747
        ],
        [
            53.600372,
            68.44706,
            49.0,
            42.520584,
            28.42534,
            32.01562,
            0.0,
            39.20459,
            23.021729,
            9.486833,
            68.68042,
            19.697716,
            18.027756,
            35.22783,
            34.0147,
            49.20366,
            66.85058,
            21.213203,
            17.464249,
            24.083189,
            21.540659,
            50.537113,
            39.623226,
            62.008064,
            57.77543,
            77.31753
        ],
        [
            47.518417,
            75.272835,
            65.802734,
            32.75668,
            27.802877,
            8.944272,
            39.20459,
            0.0,
            16.763054,
            36.345562,
            72.8011,
            21.377558,
            21.213203,
            26.0,
            43.011627,
            43.931767,
            59.008472,
            26.400757,
            50.159744,
            46.400433,
            39.20459,
            51.546097,
            11.0,
            53.009434,
            59.20304,
            93.15041
        ],
        [
            42.953465,
            66.61081,
            53.225933,
            28.460499,
            17.029387,
            12.0415945,
            23.021729,
            16.763054,
            0.0,
            22.36068,
            65.12296,
            10.29563,
            5.3851647,
            19.924858,
            31.320919,
            38.63936,
            56.044624,
            17.888544,
            33.54102,
            31.144823,
            24.207438,
            44.0,
            17.088007,
            50.289165,
            52.0,
            81.706795
        ],
        [
            59.5399,
            76.79192,
            58.077534,
            47.010635,
            33.01515,
            28.01785,
            9.486833,
            36.345562,
            22.36068,
            0.0,
            76.687675,
            15.033297,
            17.0,
            38.948685,
            41.484936,
            55.072678,
            72.94518,
            13.416408,
            26.925823,
            33.01515,
            29.427877,
            57.58472,
            39.39543,
            67.74216,
            65.14599,
            86.579445
        ],
        [
            26.41969,
            5.0990195,
            25.495098,
            40.16217,
            48.09366,
            74.96666,
            68.68042,
            72.8011,
            65.12296,
            76.687675,
            0.0,
            74.00676,
            67.00746,
            47.07441,
            35.35534,
            29.15476,
            21.954498,
            81.09871,
            56.35601,
            45.310043,
            47.296936,
            21.377558,
            62.297672,
            25.495098,
            13.601471,
            28.231188
        ],
        [
            52.886673,
            75.10659,
            59.77458,
            38.626415,
            26.305893,
            13.0,
            19.697716,
            21.377558,
            10.29563,
            15.033297,
            74.00676,
            0.0,
            7.0,
            30.083218,
            39.20459,
            48.507732,
            66.09841,
            7.615773,
            34.655445,
            35.77709,
            29.732138,
            53.235325,
            25.806976,
            60.40695,
            61.204575,
            88.60023
        ],
        [
            46.173584,
            68.117546,
            53.14132,
            32.202484,
            19.416489,
            14.764823,
            18.027756,
            21.213203,
            5.3851647,
            17.0,
            67.00746,
            7.0,
            0.0,
            23.70654,
            32.24903,
            41.761227,
            59.464275,
            14.3178215,
            30.232433,
            29.681644,
            23.259407,
            46.270943,
            22.472204,
            53.851646,
            54.230988,
            81.908485
        ],
        [
            23.194826,
            49.335587,
            41.01219,
            8.5440035,
            7.28011,
            28.071337,
            35.22783,
            26.0,
            19.924858,
            38.948685,
            47.07441,
            30.083218,
            23.70654,
            0.0,
            18.601076,
            19.026299,
            36.138622,
            37.696156,
            36.221542,
            27.294687,
            21.0,
            25.70992,
            16.40122,
            30.364452,
            33.54102,
            67.41662
        ],
        [
            21.633308,
            36.0,
            22.803509,
            18.248287,
            15.264338,
            42.544094,
            34.0147,
            43.011627,
            31.320919,
            41.484936,
            35.35534,
            39.20459,
            32.24903,
            18.601076,
            0.0,
            17.888544,
            33.941124,
            46.010868,
            25.806976,
            13.892444,
            12.529964,
            16.643316,
            34.655445,
            30.0,
            23.769728,
            50.566788
        ],
        [
            4.472136,
            32.24903,
            31.622776,
            11.18034,
            22.472204,
            47.010635,
            49.20366,
            43.931767,
            38.63936,
            55.072678,
            29.15476,
            48.507732,
            41.761227,
            19.026299,
            17.888544,
            0.0,
            17.888544,
            56.044624,
            43.56604,
            31.764761,
            29.068884,
            9.219544,
            33.24154,
            12.806249,
            15.652476,
            53.037724
        ],
        [
            13.416408,
            26.832815,
            38.470768,
            27.658634,
            40.311287,
            63.387695,
            66.85058,
            59.008472,
            56.044624,
            72.94518,
            21.954498,
            66.09841,
            59.464275,
            36.138622,
            33.941124,
            17.888544,
            0.0,
            73.68175,
            59.548298,
            47.507893,
            46.09772,
            18.027756,
            48.010414,
            6.0,
            15.132746,
            50.08992
        ],
        [
            60.440052,
            82.006096,
            65.734314,
            46.238514,
            33.734257,
            17.464249,
            21.213203,
            26.400757,
            17.888544,
            13.416408,
            81.09871,
            7.615773,
            14.3178215,
            37.696156,
            46.010868,
            56.044624,
            73.68175,
            0.0,
            38.013157,
            41.109608,
            35.69314,
            60.530983,
            32.55764,
            68.007355,
            68.46897,
            94.59387
        ],
        [
            47.434166,
            55.154327,
            33.734257,
            40.804413,
            29.068884,
            44.94441,
            17.464249,
            50.159744,
            33.54102,
            26.925823,
            56.35601,
            34.655445,
            30.232433,
            36.221542,
            25.806976,
            43.56604,
            59.548298,
            38.013157,
            0.0,
            12.0415945,
            15.524175,
            41.725292,
            46.872166,
            55.803226,
            47.63402,
            61.0
        ],
        [
            35.510563,
            44.64303,
            25.079872,
            30.265491,
            20.880613,
            43.185646,
            24.083189,
            46.400433,
            31.144823,
            33.01515,
            45.310043,
            35.77709,
            29.681644,
            27.294687,
            13.892444,
            31.764761,
            47.507893,
            41.109608,
            12.0415945,
            0.0,
            7.2111025,
            29.698484,
            40.718548,
            43.829212,
            35.805027,
            53.75872
        ],
        [
            33.24154,
            47.38143,
            30.083218,
            25.298222,
            14.142136,
            36.23534,
            21.540659,
            39.20459,
            24.207438,
            29.427877,
            47.296936,
            29.732138,
            23.259407,
            21.0,
            12.529964,
            29.068884,
            46.09772,
            35.69314,
            15.524175,
            7.2111025,
            0.0,
            29.15476,
            33.61547,
            41.725292,
            36.249138,
            58.940647
        ],
        [
            9.219544,
            23.769728,
            23.345236,
            19.235384,
            27.018513,
            53.600372,
            50.537113,
            51.546097,
            44.0,
            57.58472,
            21.377558,
            53.235325,
            46.270943,
            25.70992,
            16.643316,
            9.219544,
            18.027756,
            60.530983,
            41.725292,
            29.698484,
            29.15476,
            0.0,
            41.231056,
            15.524175,
            8.0,
            43.863426
        ],
        [
            36.67424,
            65.0,
            57.31492,
            22.135944,
            20.248457,
            17.0,
            39.623226,
            11.0,
            17.088007,
            39.39543,
            62.297672,
            25.806976,
            22.472204,
            16.40122,
            34.655445,
            33.24154,
            48.010414,
            32.55764,
            46.872166,
            40.718548,
            33.61547,
            41.231056,
            0.0,
            42.0119,
            48.703182,
            83.761566
        ],
        [
            8.485281,
            30.0,
            38.0,
            21.84033,
            34.88553,
            57.428215,
            62.008064,
            53.009434,
            50.289165,
            67.74216,
            25.495098,
            60.40695,
            53.851646,
            30.364452,
            30.0,
            12.806249,
            6.0,
            68.007355,
            55.803226,
            43.829212,
            41.725292,
            15.524175,
            42.0119,
            0.0,
            15.524175,
            53.0
        ],
        [
            13.453624,
            16.643316,
            23.345236,
            26.57066,
            35.014282,
            61.522354,
            57.77543,
            59.20304,
            52.0,
            65.14599,
            13.601471,
            61.204575,
            54.230988,
            33.54102,
            23.769728,
            15.652476,
            15.132746,
            68.46897,
            47.63402,
            35.805027,
            36.249138,
            8.0,
            48.703182,
            15.524175,
            0.0,
            38.418747
        ],
        [
            51.739735,
            23.259407,
            28.86174,
            62.625874,
            65.74192,
            93.10747,
            77.31753,
            93.15041,
            81.706795,
            86.579445,
            28.231188,
            88.60023,
            81.908485,
            67.41662,
            50.566788,
            53.037724,
            50.08992,
            94.59387,
            61.0,
            53.75872,
            58.940647,
            43.863426,
            83.761566,
            53.0,
            38.418747,
            0.0
        ]
    ]
}